4457.21 	 2437.40 	 60.00 
4463.40 	 2435.75 	 60.00 
4469.32 	 2433.31 	 60.00 
4474.75 	 2429.89 	 60.00 
4479.52 	 2425.59 	 60.00 
4483.68 	 2420.69 	 60.00 
4486.59 	 2414.97 	 60.00 
4488.75 	 2408.94 	 60.00 
4490.45 	 2402.75 	 60.00 
4491.39 	 2396.39 	 60.00 
4492.03 	 2390.00 	 60.00 
4492.44 	 2383.58 	 60.00 
4492.69 	 2377.16 	 60.00 
4492.91 	 2370.73 	 60.00 
4492.94 	 2364.31 	 60.00 
4492.94 	 2357.88 	 60.00 
4492.93 	 2351.45 	 60.00 
4493.13 	 2345.03 	 60.00 
4493.46 	 2338.61 	 60.00 
4494.15 	 2332.22 	 60.00 
4495.16 	 2325.88 	 60.00 
4497.01 	 2319.72 	 60.00 
4499.40 	 2313.76 	 60.00 
4502.44 	 2308.10 	 60.00 
4505.98 	 2302.73 	 60.00 
4509.67 	 2297.47 	 60.00 
4513.56 	 2292.35 	 60.00 
4516.94 	 2286.89 	 60.00 
4519.76 	 2281.13 	 60.00 
4522.05 	 2275.13 	 60.00 
4523.78 	 2268.96 	 60.00 
4524.25 	 2262.56 	 60.00 
4523.50 	 2256.18 	 60.00 
4521.70 	 2250.05 	 60.00 
4518.82 	 2244.30 	 60.00 
4515.94 	 2238.56 	 60.00 
4512.85 	 2232.94 	 60.00 
4509.09 	 2227.73 	 60.00 
4504.98 	 2222.79 	 60.00 
4500.55 	 2218.13 	 60.00 
4495.96 	 2213.63 	 60.00 
4491.04 	 2209.50 	 60.00 
4486.06 	 2205.43 	 60.00 
4481.04 	 2201.42 	 60.00 
4476.12 	 2197.29 	 60.00 
4471.09 	 2193.29 	 60.00 
4466.01 	 2189.35 	 60.00 
4460.94 	 2185.40 	 60.00 
4455.84 	 2181.48 	 60.00 
4554.90 	 2166.54 	 65.00 
4559.81 	 2170.35 	 65.00 
4564.72 	 2174.15 	 65.00 
4569.61 	 2177.97 	 65.00 
4574.49 	 2181.80 	 65.00 
4579.35 	 2185.67 	 65.00 
4584.16 	 2189.59 	 65.00 
4588.89 	 2193.61 	 65.00 
4593.45 	 2197.82 	 65.00 
4597.74 	 2202.29 	 65.00 
4601.80 	 2206.99 	 65.00 
4605.54 	 2211.94 	 65.00 
4609.17 	 2216.98 	 65.00 
4612.66 	 2222.11 	 65.00 
4616.12 	 2227.27 	 65.00 
4619.63 	 2232.39 	 65.00 
4623.17 	 2237.49 	 65.00 
4626.66 	 2242.62 	 65.00 
4630.10 	 2247.79 	 65.00 
4633.65 	 2252.88 	 65.00 
4637.15 	 2258.01 	 65.00 
4640.64 	 2263.15 	 65.00 
4644.58 	 2267.92 	 65.00 
4648.76 	 2272.51 	 65.00 
4652.92 	 2277.12 	 65.00 
4656.97 	 2281.82 	 65.00 
4660.84 	 2286.67 	 65.00 
4664.72 	 2291.52 	 65.00 
4668.45 	 2296.48 	 65.00 
4672.16 	 2301.46 	 65.00 
4675.87 	 2306.44 	 65.00 
4679.47 	 2311.50 	 65.00 
4683.06 	 2316.56 	 65.00 
4686.36 	 2321.81 	 65.00 
4689.46 	 2327.19 	 65.00 
4691.84 	 2332.89 	 65.00 
4693.66 	 2338.82 	 65.00 
4694.46 	 2344.96 	 65.00 
4694.09 	 2351.15 	 65.00 
4693.17 	 2357.29 	 65.00 
4690.69 	 2362.94 	 65.00 
4687.30 	 2368.06 	 65.00 
4682.61 	 2372.09 	 65.00 
4677.02 	 2374.80 	 65.00 
4671.09 	 2376.62 	 65.00 
4665.08 	 2378.16 	 65.00 
4659.03 	 2379.52 	 65.00 
4653.00 	 2381.01 	 65.00 
4647.00 	 2382.59 	 65.00 
4641.02 	 2384.28 	 65.00 
4635.10 	 2386.13 	 65.00 
4629.20 	 2388.06 	 65.00 
4623.40 	 2390.28 	 65.00 
4617.64 	 2392.58 	 65.00 
4611.96 	 2395.09 	 65.00 
4606.51 	 2398.06 	 65.00 
4601.30 	 2401.39 	 65.00 
4596.70 	 2405.56 	 65.00 
4592.67 	 2410.23 	 65.00 
4589.11 	 2415.32 	 65.00 
4586.44 	 2420.91 	 65.00 
4584.01 	 2426.61 	 65.00 
4582.20 	 2432.55 	 65.00 
4580.74 	 2438.58 	 65.00 
4579.62 	 2444.68 	 65.00 
4579.05 	 2450.86 	 65.00 
4578.61 	 2457.05 	 65.00 
4578.39 	 2463.26 	 65.00 
4578.18 	 2469.46 	 65.00 
4577.96 	 2475.66 	 65.00 
4577.67 	 2481.86 	 65.00 
4577.18 	 2488.05 	 65.00 
4576.65 	 2494.24 	 65.00 
4576.08 	 2500.42 	 65.00 
4575.43 	 2506.59 	 65.00 
4574.68 	 2512.76 	 65.00 
4573.70 	 2518.88 	 65.00 
4572.45 	 2524.96 	 65.00 
4570.13 	 2530.72 	 65.00 
4566.88 	 2535.96 	 65.00 
4562.82 	 2540.60 	 65.00 
4557.93 	 2544.39 	 65.00 
4552.37 	 2547.17 	 65.00 
4546.58 	 2549.37 	 65.00 
4540.67 	 2551.22 	 65.00 
4534.55 	 2552.26 	 65.00 
4528.38 	 2552.84 	 65.00 
4522.17 	 2553.05 	 65.00 
4515.99 	 2552.46 	 65.00 
4509.86 	 2551.57 	 65.00 
4503.75 	 2550.43 	 65.00 
4497.70 	 2549.08 	 65.00 
4491.66 	 2547.64 	 65.00 
4485.70 	 2545.90 	 65.00 
4479.80 	 2543.99 	 65.00 
4473.95 	 2541.90 	 65.00 
4468.17 	 2539.64 	 65.00 
4462.40 	 2537.34 	 65.00 
4456.64 	 2535.02 	 65.00 
4456.19 	 2603.40 	 70.00 
4461.52 	 2604.95 	 70.00 
4466.76 	 2606.76 	 70.00 
4471.95 	 2608.72 	 70.00 
4477.11 	 2610.73 	 70.00 
4482.24 	 2612.86 	 70.00 
4487.37 	 2614.97 	 70.00 
4492.54 	 2616.96 	 70.00 
4497.72 	 2618.95 	 70.00 
4502.98 	 2620.72 	 70.00 
4508.25 	 2622.43 	 70.00 
4513.58 	 2623.99 	 70.00 
4518.93 	 2625.42 	 70.00 
4524.30 	 2626.84 	 70.00 
4529.67 	 2628.19 	 70.00 
4535.06 	 2629.51 	 70.00 
4540.51 	 2630.56 	 70.00 
4545.96 	 2631.60 	 70.00 
4551.48 	 2632.09 	 70.00 
4557.01 	 2632.53 	 70.00 
4562.54 	 2632.14 	 70.00 
4568.04 	 2631.56 	 70.00 
4573.42 	 2630.20 	 70.00 
4578.68 	 2628.51 	 70.00 
4583.76 	 2626.28 	 70.00 
4588.72 	 2623.82 	 70.00 
4593.50 	 2621.00 	 70.00 
4598.22 	 2618.09 	 70.00 
4602.79 	 2614.95 	 70.00 
4607.31 	 2611.74 	 70.00 
4611.64 	 2608.28 	 70.00 
4615.91 	 2604.73 	 70.00 
4619.95 	 2600.94 	 70.00 
4623.93 	 2597.08 	 70.00 
4627.75 	 2593.06 	 70.00 
4631.52 	 2588.98 	 70.00 
4635.15 	 2584.80 	 70.00 
4638.68 	 2580.52 	 70.00 
4641.95 	 2576.04 	 70.00 
4645.07 	 2571.46 	 70.00 
4647.86 	 2566.67 	 70.00 
4650.39 	 2561.74 	 70.00 
4652.63 	 2556.67 	 70.00 
4654.47 	 2551.45 	 70.00 
4656.01 	 2546.12 	 70.00 
4657.12 	 2540.69 	 70.00 
4658.04 	 2535.22 	 70.00 
4658.66 	 2529.71 	 70.00 
4659.24 	 2524.19 	 70.00 
4659.92 	 2518.69 	 70.00 
4660.61 	 2513.19 	 70.00 
4661.55 	 2507.72 	 70.00 
4662.53 	 2502.26 	 70.00 
4664.12 	 2496.95 	 70.00 
4665.72 	 2491.64 	 70.00 
4668.08 	 2486.62 	 70.00 
4670.44 	 2481.60 	 70.00 
4673.50 	 2476.98 	 70.00 
4676.72 	 2472.47 	 70.00 
4680.78 	 2468.69 	 70.00 
4685.13 	 2465.30 	 70.00 
4689.91 	 2462.50 	 70.00 
4695.10 	 2460.61 	 70.00 
4700.43 	 2459.10 	 70.00 
4705.93 	 2458.39 	 70.00 
4711.45 	 2458.01 	 70.00 
4716.99 	 2458.13 	 70.00 
4722.53 	 2458.46 	 70.00 
4728.04 	 2459.06 	 70.00 
4733.55 	 2459.71 	 70.00 
4739.04 	 2460.46 	 70.00 
4744.54 	 2461.22 	 70.00 
4750.03 	 2462.02 	 70.00 
4755.51 	 2462.84 	 70.00 
4761.00 	 2463.64 	 70.00 
4766.49 	 2464.44 	 70.00 
4771.98 	 2465.23 	 70.00 
4777.52 	 2465.56 	 70.00 
4783.05 	 2465.89 	 70.00 
4788.57 	 2465.41 	 70.00 
4794.08 	 2464.78 	 70.00 
4799.45 	 2463.44 	 70.00 
4804.70 	 2461.71 	 70.00 
4809.60 	 2459.12 	 70.00 
4814.20 	 2456.08 	 70.00 
4818.31 	 2452.36 	 70.00 
4821.75 	 2448.05 	 70.00 
4824.90 	 2443.48 	 70.00 
4827.28 	 2438.48 	 70.00 
4829.45 	 2433.40 	 70.00 
4830.56 	 2427.96 	 70.00 
4831.53 	 2422.51 	 70.00 
4831.31 	 2416.97 	 70.00 
4831.06 	 2411.43 	 70.00 
4829.78 	 2406.04 	 70.00 
4828.50 	 2400.64 	 70.00 
4826.77 	 2395.37 	 70.00 
4824.93 	 2390.14 	 70.00 
4822.89 	 2384.99 	 70.00 
4820.45 	 2380.01 	 70.00 
4817.95 	 2375.06 	 70.00 
4815.33 	 2370.17 	 70.00 
4812.90 	 2365.19 	 70.00 
4809.79 	 2360.61 	 70.00 
4806.49 	 2356.16 	 70.00 
4803.19 	 2351.70 	 70.00 
4799.66 	 2347.42 	 70.00 
4796.12 	 2343.15 	 70.00 
4792.57 	 2338.88 	 70.00 
4789.19 	 2334.49 	 70.00 
4785.90 	 2330.03 	 70.00 
4782.66 	 2325.52 	 70.00 
4779.51 	 2320.96 	 70.00 
4776.43 	 2316.35 	 70.00 
4773.33 	 2311.75 	 70.00 
4770.16 	 2307.19 	 70.00 
4766.99 	 2302.64 	 70.00 
4763.75 	 2298.14 	 70.00 
4760.49 	 2293.65 	 70.00 
4757.21 	 2289.18 	 70.00 
4753.86 	 2284.76 	 70.00 
4750.51 	 2280.34 	 70.00 
4747.14 	 2275.94 	 70.00 
4743.75 	 2271.54 	 70.00 
4740.36 	 2267.15 	 70.00 
4737.06 	 2262.70 	 70.00 
4733.76 	 2258.24 	 70.00 
4730.43 	 2253.80 	 70.00 
4727.04 	 2249.41 	 70.00 
4723.65 	 2245.02 	 70.00 
4720.18 	 2240.70 	 70.00 
4716.65 	 2236.42 	 70.00 
4713.12 	 2232.14 	 70.00 
4709.53 	 2227.91 	 70.00 
4705.93 	 2223.69 	 70.00 
4702.32 	 2219.48 	 70.00 
4698.66 	 2215.31 	 70.00 
4695.00 	 2211.14 	 70.00 
4691.27 	 2207.04 	 70.00 
4687.48 	 2202.99 	 70.00 
4683.70 	 2198.93 	 70.00 
4679.80 	 2194.98 	 70.00 
4675.91 	 2191.03 	 70.00 
4672.03 	 2187.07 	 70.00 
4668.19 	 2183.07 	 70.00 
4664.35 	 2179.07 	 70.00 
4660.62 	 2174.96 	 70.00 
4656.91 	 2170.84 	 70.00 
4653.16 	 2166.75 	 70.00 
4454.95 	 2681.03 	 75.00 
4459.78 	 2680.84 	 75.00 
4464.60 	 2680.92 	 75.00 
4469.41 	 2681.42 	 75.00 
4474.22 	 2681.91 	 75.00 
4479.00 	 2682.61 	 75.00 
4483.75 	 2683.50 	 75.00 
4488.50 	 2684.40 	 75.00 
4493.23 	 2685.40 	 75.00 
4497.95 	 2686.43 	 75.00 
4502.66 	 2687.48 	 75.00 
4507.36 	 2688.63 	 75.00 
4512.06 	 2689.77 	 75.00 
4516.75 	 2690.92 	 75.00 
4521.45 	 2692.06 	 75.00 
4526.17 	 2693.08 	 75.00 
4530.93 	 2693.90 	 75.00 
4535.70 	 2694.72 	 75.00 
4540.49 	 2695.36 	 75.00 
4545.28 	 2695.96 	 75.00 
4550.08 	 2696.54 	 75.00 
4554.89 	 2697.05 	 75.00 
4559.69 	 2697.57 	 75.00 
4564.51 	 2697.97 	 75.00 
4569.33 	 2698.34 	 75.00 
4574.15 	 2698.63 	 75.00 
4578.98 	 2698.47 	 75.00 
4583.81 	 2698.30 	 75.00 
4588.57 	 2697.61 	 75.00 
4593.28 	 2696.51 	 75.00 
4597.98 	 2695.40 	 75.00 
4602.42 	 2693.50 	 75.00 
4606.82 	 2691.51 	 75.00 
4611.20 	 2689.47 	 75.00 
4615.40 	 2687.07 	 75.00 
4619.59 	 2684.67 	 75.00 
4623.70 	 2682.13 	 75.00 
4627.61 	 2679.29 	 75.00 
4631.53 	 2676.46 	 75.00 
4635.34 	 2673.50 	 75.00 
4638.99 	 2670.32 	 75.00 
4642.63 	 2667.15 	 75.00 
4646.26 	 2663.95 	 75.00 
4649.83 	 2660.70 	 75.00 
4653.41 	 2657.45 	 75.00 
4656.98 	 2654.19 	 75.00 
4660.55 	 2650.94 	 75.00 
4664.13 	 2647.68 	 75.00 
4667.65 	 2644.37 	 75.00 
4671.12 	 2641.01 	 75.00 
4674.60 	 2637.65 	 75.00 
4678.06 	 2634.28 	 75.00 
4681.52 	 2630.90 	 75.00 
4684.97 	 2627.52 	 75.00 
4688.31 	 2624.02 	 75.00 
4691.59 	 2620.48 	 75.00 
4694.87 	 2616.93 	 75.00 
4697.90 	 2613.17 	 75.00 
4700.88 	 2609.36 	 75.00 
4703.86 	 2605.55 	 75.00 
4706.57 	 2601.55 	 75.00 
4709.26 	 2597.53 	 75.00 
4711.94 	 2593.52 	 75.00 
4714.60 	 2589.48 	 75.00 
4717.25 	 2585.44 	 75.00 
4719.91 	 2581.40 	 75.00 
4722.61 	 2577.39 	 75.00 
4725.31 	 2573.39 	 75.00 
4728.14 	 2569.48 	 75.00 
4731.28 	 2565.80 	 75.00 
4734.42 	 2562.13 	 75.00 
4738.16 	 2559.06 	 75.00 
4741.93 	 2556.04 	 75.00 
4746.16 	 2553.73 	 75.00 
4750.46 	 2551.53 	 75.00 
4755.11 	 2550.25 	 75.00 
4759.81 	 2549.11 	 75.00 
4764.61 	 2548.74 	 75.00 
4769.44 	 2548.53 	 75.00 
4774.27 	 2548.72 	 75.00 
4779.09 	 2549.02 	 75.00 
4783.89 	 2549.57 	 75.00 
4788.66 	 2550.32 	 75.00 
4793.44 	 2551.07 	 75.00 
4798.17 	 2552.05 	 75.00 
4802.90 	 2553.03 	 75.00 
4807.64 	 2554.00 	 75.00 
4812.37 	 2554.97 	 75.00 
4817.11 	 2555.93 	 75.00 
4821.85 	 2556.90 	 75.00 
4826.62 	 2557.65 	 75.00 
4831.41 	 2558.30 	 75.00 
4836.20 	 2558.88 	 75.00 
4841.03 	 2558.80 	 75.00 
4845.86 	 2558.63 	 75.00 
4850.62 	 2557.83 	 75.00 
4855.34 	 2556.80 	 75.00 
4860.03 	 2555.62 	 75.00 
4864.59 	 2554.03 	 75.00 
4869.11 	 2552.31 	 75.00 
4873.41 	 2550.11 	 75.00 
4877.53 	 2547.62 	 75.00 
4881.40 	 2544.72 	 75.00 
4885.03 	 2541.54 	 75.00 
4888.61 	 2538.28 	 75.00 
4892.00 	 2534.84 	 75.00 
4895.36 	 2531.37 	 75.00 
4898.65 	 2527.83 	 75.00 
4901.79 	 2524.16 	 75.00 
4904.93 	 2520.48 	 75.00 
4908.03 	 2516.77 	 75.00 
4911.02 	 2512.98 	 75.00 
4914.02 	 2509.19 	 75.00 
4917.01 	 2505.39 	 75.00 
4919.98 	 2501.58 	 75.00 
4922.95 	 2497.76 	 75.00 
4925.86 	 2493.91 	 75.00 
4928.27 	 2489.72 	 75.00 
4930.69 	 2485.53 	 75.00 
4932.73 	 2481.17 	 75.00 
4934.45 	 2476.65 	 75.00 
4936.03 	 2472.10 	 75.00 
4936.96 	 2467.35 	 75.00 
4937.88 	 2462.61 	 75.00 
4937.89 	 2457.80 	 75.00 
4937.60 	 2452.98 	 75.00 
4937.17 	 2448.17 	 75.00 
4936.11 	 2443.46 	 75.00 
4935.06 	 2438.74 	 75.00 
4933.87 	 2434.06 	 75.00 
4932.53 	 2429.41 	 75.00 
4931.20 	 2424.77 	 75.00 
4929.69 	 2420.17 	 75.00 
4928.16 	 2415.59 	 75.00 
4926.57 	 2411.03 	 75.00 
4924.88 	 2406.50 	 75.00 
4923.19 	 2401.97 	 75.00 
4921.09 	 2397.62 	 75.00 
4918.93 	 2393.30 	 75.00 
4916.60 	 2389.06 	 75.00 
4914.11 	 2384.92 	 75.00 
4911.56 	 2380.82 	 75.00 
4908.73 	 2376.90 	 75.00 
4905.91 	 2372.98 	 75.00 
4902.98 	 2369.13 	 75.00 
4900.01 	 2365.32 	 75.00 
4897.04 	 2361.50 	 75.00 
4894.02 	 2357.74 	 75.00 
4890.95 	 2354.00 	 75.00 
4887.88 	 2350.27 	 75.00 
4884.81 	 2346.53 	 75.00 
4881.85 	 2342.72 	 75.00 
4878.91 	 2338.88 	 75.00 
4875.97 	 2335.04 	 75.00 
4873.04 	 2331.20 	 75.00 
4870.16 	 2327.32 	 75.00 
4867.29 	 2323.42 	 75.00 
4864.43 	 2319.53 	 75.00 
4861.57 	 2315.63 	 75.00 
4858.73 	 2311.72 	 75.00 
4855.89 	 2307.81 	 75.00 
4853.05 	 2303.90 	 75.00 
4850.19 	 2300.00 	 75.00 
4847.29 	 2296.14 	 75.00 
4844.39 	 2292.27 	 75.00 
4841.48 	 2288.41 	 75.00 
4838.50 	 2284.60 	 75.00 
4835.47 	 2280.84 	 75.00 
4832.44 	 2277.08 	 75.00 
4829.31 	 2273.39 	 75.00 
4826.17 	 2269.71 	 75.00 
4822.93 	 2266.13 	 75.00 
4819.68 	 2262.56 	 75.00 
4816.44 	 2258.97 	 75.00 
4813.20 	 2255.38 	 75.00 
4809.96 	 2251.79 	 75.00 
4806.73 	 2248.20 	 75.00 
4803.49 	 2244.61 	 75.00 
4800.25 	 2241.02 	 75.00 
4797.02 	 2237.43 	 75.00 
4793.78 	 2233.84 	 75.00 
4790.54 	 2230.25 	 75.00 
4787.31 	 2226.66 	 75.00 
4784.30 	 2222.89 	 75.00 
4781.39 	 2219.02 	 75.00 
4778.49 	 2215.16 	 75.00 
4775.58 	 2211.29 	 75.00 
4772.65 	 2207.45 	 75.00 
4769.69 	 2203.63 	 75.00 
4766.73 	 2199.81 	 75.00 
4763.70 	 2196.05 	 75.00 
4760.65 	 2192.30 	 75.00 
4757.60 	 2188.55 	 75.00 
4754.55 	 2184.80 	 75.00 
4751.49 	 2181.05 	 75.00 
4748.40 	 2177.34 	 75.00 
4745.30 	 2173.64 	 75.00 
4742.19 	 2169.93 	 75.00 
4738.97 	 2166.33 	 75.00 
4454.78 	 2777.76 	 75.00 
4458.71 	 2774.02 	 75.00 
4462.64 	 2770.28 	 75.00 
4466.57 	 2766.53 	 75.00 
4470.50 	 2762.79 	 75.00 
4474.27 	 2758.89 	 75.00 
4478.63 	 2755.68 	 75.00 
4483.45 	 2753.29 	 75.00 
4488.56 	 2751.48 	 75.00 
4493.88 	 2750.47 	 75.00 
4499.24 	 2749.67 	 75.00 
4504.65 	 2749.31 	 75.00 
4510.07 	 2749.15 	 75.00 
4515.48 	 2749.31 	 75.00 
4520.86 	 2749.99 	 75.00 
4526.24 	 2750.68 	 75.00 
4531.58 	 2751.66 	 75.00 
4536.92 	 2752.65 	 75.00 
4542.25 	 2753.63 	 75.00 
4547.59 	 2754.61 	 75.00 
4552.92 	 2755.59 	 75.00 
4558.28 	 2756.48 	 75.00 
4563.64 	 2757.28 	 75.00 
4569.01 	 2758.08 	 75.00 
4574.42 	 2758.46 	 75.00 
4579.84 	 2758.80 	 75.00 
4585.24 	 2758.56 	 75.00 
4590.65 	 2758.10 	 75.00 
4595.98 	 2757.18 	 75.00 
4601.25 	 2755.89 	 75.00 
4606.46 	 2754.42 	 75.00 
4611.50 	 2752.40 	 75.00 
4616.53 	 2750.37 	 75.00 
4621.42 	 2748.03 	 75.00 
4626.20 	 2745.46 	 75.00 
4630.97 	 2742.89 	 75.00 
4635.65 	 2740.15 	 75.00 
4640.22 	 2737.22 	 75.00 
4644.78 	 2734.29 	 75.00 
4649.29 	 2731.26 	 75.00 
4653.73 	 2728.15 	 75.00 
4658.18 	 2725.04 	 75.00 
4662.47 	 2721.72 	 75.00 
4666.70 	 2718.32 	 75.00 
4670.90 	 2714.90 	 75.00 
4674.70 	 2711.03 	 75.00 
4678.51 	 2707.16 	 75.00 
4682.24 	 2703.22 	 75.00 
4685.93 	 2699.24 	 75.00 
4689.63 	 2695.27 	 75.00 
4693.35 	 2691.33 	 75.00 
4697.08 	 2687.38 	 75.00 
4700.84 	 2683.47 	 75.00 
4704.61 	 2679.57 	 75.00 
4708.43 	 2675.72 	 75.00 
4712.45 	 2672.07 	 75.00 
4716.47 	 2668.43 	 75.00 
4720.49 	 2664.79 	 75.00 
4724.51 	 2661.15 	 75.00 
4728.54 	 2657.51 	 75.00 
4732.78 	 2654.13 	 75.00 
4737.05 	 2650.78 	 75.00 
4741.33 	 2647.45 	 75.00 
4745.63 	 2644.13 	 75.00 
4749.96 	 2640.87 	 75.00 
4754.51 	 2637.91 	 75.00 
4759.05 	 2634.95 	 75.00 
4763.75 	 2632.24 	 75.00 
4768.50 	 2629.62 	 75.00 
4773.36 	 2627.22 	 75.00 
4778.40 	 2625.22 	 75.00 
4783.45 	 2623.23 	 75.00 
4788.79 	 2622.30 	 75.00 
4794.14 	 2621.38 	 75.00 
4799.49 	 2620.46 	 75.00 
4804.84 	 2619.54 	 75.00 
4810.18 	 2618.62 	 75.00 
4815.61 	 2618.74 	 75.00 
4821.03 	 2618.88 	 75.00 
4826.43 	 2619.36 	 75.00 
4831.81 	 2620.05 	 75.00 
4837.19 	 2620.76 	 75.00 
4842.56 	 2621.51 	 75.00 
4847.94 	 2622.26 	 75.00 
4853.28 	 2623.17 	 75.00 
4858.63 	 2624.11 	 75.00 
4863.97 	 2625.05 	 75.00 
4869.31 	 2626.03 	 75.00 
4874.64 	 2627.01 	 75.00 
4880.01 	 2627.82 	 75.00 
4885.39 	 2628.54 	 75.00 
4890.78 	 2629.11 	 75.00 
4896.20 	 2629.21 	 75.00 
4901.63 	 2629.31 	 75.00 
4907.00 	 2628.64 	 75.00 
4912.38 	 2627.90 	 75.00 
4917.60 	 2626.45 	 75.00 
4922.80 	 2624.89 	 75.00 
4927.87 	 2623.00 	 75.00 
4932.78 	 2620.69 	 75.00 
4937.69 	 2618.39 	 75.00 
4942.30 	 2615.52 	 75.00 
4946.90 	 2612.64 	 75.00 
4951.31 	 2609.50 	 75.00 
4955.57 	 2606.14 	 75.00 
4959.78 	 2602.72 	 75.00 
4963.72 	 2598.99 	 75.00 
4967.67 	 2595.27 	 75.00 
4971.14 	 2591.12 	 75.00 
4974.44 	 2586.81 	 75.00 
4977.56 	 2582.38 	 75.00 
4980.18 	 2577.63 	 75.00 
4982.80 	 2572.88 	 75.00 
4985.02 	 2567.93 	 75.00 
4987.18 	 2562.96 	 75.00 
4989.08 	 2557.88 	 75.00 
4990.71 	 2552.71 	 75.00 
4992.34 	 2547.53 	 75.00 
4993.67 	 2542.27 	 75.00 
4994.95 	 2537.00 	 75.00 
4996.23 	 2531.73 	 75.00 
4997.46 	 2526.44 	 75.00 
4998.62 	 2521.14 	 75.00 
4999.79 	 2515.85 	 75.00 
5000.88 	 2510.53 	 75.00 
5001.70 	 2505.17 	 75.00 
5002.52 	 2499.81 	 75.00 
5003.34 	 2494.44 	 75.00 
5003.86 	 2489.04 	 75.00 
5004.33 	 2483.64 	 75.00 
5004.81 	 2478.23 	 75.00 
5005.19 	 2472.82 	 75.00 
5005.43 	 2467.40 	 75.00 
5005.68 	 2461.98 	 75.00 
5005.92 	 2456.56 	 75.00 
5005.94 	 2451.13 	 75.00 
5005.93 	 2445.71 	 75.00 
5005.92 	 2440.28 	 75.00 
5005.93 	 2434.86 	 75.00 
5005.95 	 2429.43 	 75.00 
5005.97 	 2424.01 	 75.00 
5005.69 	 2418.59 	 75.00 
5005.34 	 2413.17 	 75.00 
5004.68 	 2407.80 	 75.00 
5003.59 	 2402.49 	 75.00 
5002.22 	 2397.25 	 75.00 
5000.25 	 2392.20 	 75.00 
4998.26 	 2387.15 	 75.00 
4995.66 	 2382.39 	 75.00 
4993.05 	 2377.63 	 75.00 
4990.14 	 2373.07 	 75.00 
4986.92 	 2368.70 	 75.00 
4983.56 	 2364.45 	 75.00 
4979.80 	 2360.54 	 75.00 
4976.00 	 2356.67 	 75.00 
4971.91 	 2353.10 	 75.00 
4967.83 	 2349.53 	 75.00 
4963.72 	 2345.99 	 75.00 
4959.60 	 2342.46 	 75.00 
4955.48 	 2338.93 	 75.00 
4951.36 	 2335.39 	 75.00 
4947.40 	 2331.68 	 75.00 
4943.44 	 2327.97 	 75.00 
4939.48 	 2324.26 	 75.00 
4935.53 	 2320.55 	 75.00 
4931.65 	 2316.76 	 75.00 
4927.77 	 2312.96 	 75.00 
4923.90 	 2309.16 	 75.00 
4920.03 	 2305.36 	 75.00 
4916.18 	 2301.53 	 75.00 
4912.34 	 2297.70 	 75.00 
4908.49 	 2293.88 	 75.00 
4904.70 	 2290.00 	 75.00 
4900.99 	 2286.03 	 75.00 
4897.28 	 2282.07 	 75.00 
4893.58 	 2278.11 	 75.00 
4890.13 	 2273.92 	 75.00 
4886.81 	 2269.64 	 75.00 
4883.48 	 2265.35 	 75.00 
4880.28 	 2260.97 	 75.00 
4877.21 	 2256.50 	 75.00 
4874.13 	 2252.03 	 75.00 
4871.25 	 2247.44 	 75.00 
4868.45 	 2242.79 	 75.00 
4865.70 	 2238.11 	 75.00 
4863.23 	 2233.29 	 75.00 
4861.22 	 2228.25 	 75.00 
4859.21 	 2223.21 	 75.00 
4857.20 	 2218.17 	 75.00 
4855.19 	 2213.13 	 75.00 
4853.18 	 2208.09 	 75.00 
4851.17 	 2203.05 	 75.00 
4849.17 	 2198.01 	 75.00 
4847.16 	 2192.97 	 75.00 
4845.15 	 2187.93 	 75.00 
4843.14 	 2182.89 	 75.00 
4841.13 	 2177.85 	 75.00 
4839.12 	 2172.81 	 75.00 
4837.11 	 2167.77 	 75.00 
4918.46 	 2172.92 	 80.00 
4919.30 	 2178.73 	 80.00 
4921.32 	 2184.24 	 80.00 
4923.48 	 2189.71 	 80.00 
4925.90 	 2195.07 	 80.00 
4928.33 	 2200.43 	 80.00 
4930.96 	 2205.68 	 80.00 
4933.81 	 2210.83 	 80.00 
4936.65 	 2215.98 	 80.00 
4939.81 	 2220.93 	 80.00 
4943.01 	 2225.87 	 80.00 
4946.38 	 2230.67 	 80.00 
4950.16 	 2235.18 	 80.00 
4953.95 	 2239.68 	 80.00 
4958.26 	 2243.66 	 80.00 
4962.67 	 2247.56 	 80.00 
4967.09 	 2251.44 	 80.00 
4971.53 	 2255.30 	 80.00 
4975.97 	 2259.15 	 80.00 
4980.58 	 2262.80 	 80.00 
4985.19 	 2266.45 	 80.00 
4989.79 	 2270.12 	 80.00 
4994.38 	 2273.79 	 80.00 
4998.96 	 2277.48 	 80.00 
5003.50 	 2281.21 	 80.00 
5008.05 	 2284.94 	 80.00 
5012.58 	 2288.69 	 80.00 
5017.11 	 2292.44 	 80.00 
5021.50 	 2296.35 	 80.00 
5025.86 	 2300.30 	 80.00 
5030.21 	 2304.25 	 80.00 
5034.55 	 2308.22 	 80.00 
5038.89 	 2312.19 	 80.00 
5043.26 	 2316.13 	 80.00 
5047.63 	 2320.07 	 80.00 
5051.77 	 2324.24 	 80.00 
5055.82 	 2328.50 	 80.00 
5059.28 	 2333.23 	 80.00 
5062.51 	 2338.14 	 80.00 
5064.71 	 2343.59 	 80.00 
5066.68 	 2349.12 	 80.00 
5067.80 	 2354.89 	 80.00 
5068.85 	 2360.68 	 80.00 
5069.56 	 2366.51 	 80.00 
5070.26 	 2372.35 	 80.00 
5070.87 	 2378.20 	 80.00 
5071.49 	 2384.05 	 80.00 
5071.93 	 2389.91 	 80.00 
5072.20 	 2395.79 	 80.00 
5072.47 	 2401.66 	 80.00 
5072.48 	 2407.54 	 80.00 
5072.29 	 2413.42 	 80.00 
5072.11 	 2419.29 	 80.00 
5071.81 	 2425.17 	 80.00 
5071.40 	 2431.03 	 80.00 
5070.99 	 2436.90 	 80.00 
5070.58 	 2442.76 	 80.00 
5070.16 	 2448.63 	 80.00 
5069.73 	 2454.50 	 80.00 
5069.21 	 2460.35 	 80.00 
5068.60 	 2466.20 	 80.00 
5067.99 	 2472.05 	 80.00 
5067.45 	 2477.91 	 80.00 
5066.92 	 2483.76 	 80.00 
5066.46 	 2489.62 	 80.00 
5066.40 	 2495.50 	 80.00 
5066.35 	 2501.38 	 80.00 
5066.51 	 2507.26 	 80.00 
5066.84 	 2513.13 	 80.00 
5067.17 	 2519.00 	 80.00 
5067.60 	 2524.87 	 80.00 
5068.02 	 2530.73 	 80.00 
5068.03 	 2536.61 	 80.00 
5067.85 	 2542.49 	 80.00 
5067.29 	 2548.32 	 80.00 
5066.08 	 2554.07 	 80.00 
5064.79 	 2559.81 	 80.00 
5062.69 	 2565.30 	 80.00 
5060.59 	 2570.79 	 80.00 
5058.49 	 2576.28 	 80.00 
5056.39 	 2581.78 	 80.00 
5054.06 	 2587.16 	 80.00 
5051.13 	 2592.26 	 80.00 
5048.20 	 2597.36 	 80.00 
5044.83 	 2602.18 	 80.00 
5041.46 	 2607.00 	 80.00 
5037.83 	 2611.62 	 80.00 
5034.13 	 2616.19 	 80.00 
5030.43 	 2620.77 	 80.00 
5026.74 	 2625.34 	 80.00 
5023.04 	 2629.91 	 80.00 
5019.34 	 2634.48 	 80.00 
5015.64 	 2639.06 	 80.00 
5011.92 	 2643.60 	 80.00 
5008.00 	 2647.99 	 80.00 
5004.09 	 2652.38 	 80.00 
4999.79 	 2656.39 	 80.00 
4995.46 	 2660.37 	 80.00 
4990.92 	 2664.11 	 80.00 
4986.34 	 2667.80 	 80.00 
4981.60 	 2671.26 	 80.00 
4976.75 	 2674.59 	 80.00 
4971.83 	 2677.80 	 80.00 
4966.77 	 2680.81 	 80.00 
4961.68 	 2683.75 	 80.00 
4956.38 	 2686.29 	 80.00 
4951.06 	 2688.80 	 80.00 
4945.52 	 2690.76 	 80.00 
4939.97 	 2692.71 	 80.00 
4934.23 	 2693.97 	 80.00 
4928.47 	 2695.15 	 80.00 
4922.63 	 2695.77 	 80.00 
4916.76 	 2696.17 	 80.00 
4910.89 	 2696.18 	 80.00 
4905.01 	 2695.98 	 80.00 
4899.15 	 2695.55 	 80.00 
4893.30 	 2694.96 	 80.00 
4887.46 	 2694.30 	 80.00 
4881.62 	 2693.57 	 80.00 
4875.80 	 2692.77 	 80.00 
4870.00 	 2691.77 	 80.00 
4864.20 	 2690.78 	 80.00 
4858.39 	 2689.92 	 80.00 
4852.57 	 2689.05 	 80.00 
4846.74 	 2688.32 	 80.00 
4840.89 	 2687.64 	 80.00 
4835.04 	 2687.17 	 80.00 
4829.16 	 2686.98 	 80.00 
4823.28 	 2686.78 	 80.00 
4817.41 	 2686.59 	 80.00 
4811.53 	 2686.40 	 80.00 
4805.68 	 2686.86 	 80.00 
4799.83 	 2687.52 	 80.00 
4794.05 	 2688.53 	 80.00 
4788.33 	 2689.91 	 80.00 
4782.64 	 2691.37 	 80.00 
4777.02 	 2693.10 	 80.00 
4771.40 	 2694.83 	 80.00 
4766.04 	 2697.24 	 80.00 
4760.69 	 2699.70 	 80.00 
4755.61 	 2702.63 	 80.00 
4750.68 	 2705.83 	 80.00 
4745.85 	 2709.18 	 80.00 
4741.32 	 2712.92 	 80.00 
4736.78 	 2716.67 	 80.00 
4732.44 	 2720.63 	 80.00 
4728.11 	 2724.61 	 80.00 
4723.83 	 2728.64 	 80.00 
4719.59 	 2732.72 	 80.00 
4715.36 	 2736.80 	 80.00 
4711.17 	 2740.92 	 80.00 
4706.97 	 2745.05 	 80.00 
4702.75 	 2749.14 	 80.00 
4698.56 	 2753.26 	 80.00 
4694.51 	 2757.53 	 80.00 
4690.40 	 2761.73 	 80.00 
4686.20 	 2765.85 	 80.00 
4682.02 	 2769.99 	 80.00 
4677.88 	 2774.16 	 80.00 
4673.71 	 2778.31 	 80.00 
4669.46 	 2782.38 	 80.00 
4665.21 	 2786.44 	 80.00 
4660.72 	 2790.23 	 80.00 
4656.23 	 2794.03 	 80.00 
4651.49 	 2797.52 	 80.00 
4646.73 	 2800.97 	 80.00 
4641.61 	 2803.85 	 80.00 
4636.42 	 2806.61 	 80.00 
4631.06 	 2809.04 	 80.00 
4625.63 	 2811.26 	 80.00 
4620.03 	 2813.08 	 80.00 
4614.38 	 2814.67 	 80.00 
4608.65 	 2816.00 	 80.00 
4602.89 	 2817.14 	 80.00 
4597.08 	 2818.09 	 80.00 
4591.25 	 2818.82 	 80.00 
4585.39 	 2819.32 	 80.00 
4579.52 	 2819.54 	 80.00 
4573.64 	 2819.61 	 80.00 
4567.76 	 2819.67 	 80.00 
4561.88 	 2819.74 	 80.00 
4556.02 	 2820.20 	 80.00 
4550.16 	 2820.76 	 80.00 
4544.31 	 2821.32 	 80.00 
4538.46 	 2821.89 	 80.00 
4532.60 	 2822.45 	 80.00 
4526.75 	 2823.01 	 80.00 
4520.90 	 2823.66 	 80.00 
4515.07 	 2824.37 	 80.00 
4509.23 	 2825.07 	 80.00 
4503.39 	 2825.78 	 80.00 
4497.55 	 2826.48 	 80.00 
4491.71 	 2827.19 	 80.00 
4485.88 	 2827.90 	 80.00 
4480.04 	 2828.62 	 80.00 
4474.20 	 2829.34 	 80.00 
4468.37 	 2830.06 	 80.00 
4462.53 	 2830.78 	 80.00 
4456.69 	 2831.49 	 80.00 
4990.79 	 2169.79 	 85.00 
4991.47 	 2176.80 	 85.00 
4992.46 	 2183.79 	 85.00 
4993.66 	 2190.74 	 85.00 
4995.28 	 2197.60 	 85.00 
4997.64 	 2204.25 	 85.00 
5000.12 	 2210.85 	 85.00 
5003.64 	 2216.96 	 85.00 
5007.18 	 2223.07 	 85.00 
5011.54 	 2228.58 	 85.00 
5016.18 	 2233.90 	 85.00 
5021.04 	 2239.00 	 85.00 
5026.24 	 2243.76 	 85.00 
5031.46 	 2248.51 	 85.00 
5037.07 	 2252.80 	 85.00 
5042.67 	 2257.08 	 85.00 
5048.41 	 2261.19 	 85.00 
5054.21 	 2265.20 	 85.00 
5059.97 	 2269.28 	 85.00 
5065.61 	 2273.52 	 85.00 
5071.23 	 2277.78 	 85.00 
5076.75 	 2282.18 	 85.00 
5082.26 	 2286.58 	 85.00 
5087.56 	 2291.24 	 85.00 
5092.86 	 2295.90 	 85.00 
5097.89 	 2300.84 	 85.00 
5102.88 	 2305.83 	 85.00 
5106.97 	 2311.56 	 85.00 
5110.82 	 2317.46 	 85.00 
5113.50 	 2323.99 	 85.00 
5116.15 	 2330.53 	 85.00 
5118.60 	 2337.15 	 85.00 
5121.04 	 2343.77 	 85.00 
5123.06 	 2350.53 	 85.00 
5125.08 	 2357.29 	 85.00 
5126.49 	 2364.20 	 85.00 
5127.82 	 2371.13 	 85.00 
5128.74 	 2378.12 	 85.00 
5129.38 	 2385.14 	 85.00 
5129.68 	 2392.19 	 85.00 
5129.90 	 2399.24 	 85.00 
5130.09 	 2406.30 	 85.00 
5129.90 	 2413.35 	 85.00 
5129.63 	 2420.40 	 85.00 
5129.41 	 2427.45 	 85.00 
5129.17 	 2434.50 	 85.00 
5128.91 	 2441.55 	 85.00 
5128.73 	 2448.61 	 85.00 
5128.59 	 2455.66 	 85.00 
5128.41 	 2462.71 	 85.00 
5128.23 	 2469.77 	 85.00 
5128.05 	 2476.82 	 85.00 
5127.93 	 2483.88 	 85.00 
5128.00 	 2490.93 	 85.00 
5128.10 	 2497.99 	 85.00 
5128.23 	 2505.04 	 85.00 
5128.12 	 2512.09 	 85.00 
5127.92 	 2519.15 	 85.00 
5127.49 	 2526.19 	 85.00 
5127.04 	 2533.23 	 85.00 
5126.80 	 2540.28 	 85.00 
5126.55 	 2547.33 	 85.00 
5126.20 	 2554.38 	 85.00 
5125.84 	 2561.43 	 85.00 
5124.88 	 2568.41 	 85.00 
5123.73 	 2575.37 	 85.00 
5121.92 	 2582.19 	 85.00 
5119.77 	 2588.90 	 85.00 
5117.15 	 2595.45 	 85.00 
5114.14 	 2601.82 	 85.00 
5110.84 	 2608.06 	 85.00 
5107.14 	 2614.05 	 85.00 
5103.26 	 2619.95 	 85.00 
5098.98 	 2625.56 	 85.00 
5094.64 	 2631.11 	 85.00 
5090.07 	 2636.49 	 85.00 
5085.50 	 2641.87 	 85.00 
5080.90 	 2647.22 	 85.00 
5076.29 	 2652.56 	 85.00 
5071.66 	 2657.89 	 85.00 
5067.02 	 2663.20 	 85.00 
5062.37 	 2668.50 	 85.00 
5057.69 	 2673.79 	 85.00 
5053.01 	 2679.07 	 85.00 
5048.36 	 2684.37 	 85.00 
5043.70 	 2689.67 	 85.00 
5039.01 	 2694.95 	 85.00 
5034.32 	 2700.21 	 85.00 
5029.53 	 2705.40 	 85.00 
5024.75 	 2710.58 	 85.00 
5019.63 	 2715.45 	 85.00 
5014.52 	 2720.31 	 85.00 
5009.08 	 2724.80 	 85.00 
5003.63 	 2729.27 	 85.00 
4997.88 	 2733.37 	 85.00 
4992.12 	 2737.44 	 85.00 
4986.07 	 2741.07 	 85.00 
4980.00 	 2744.66 	 85.00 
4973.70 	 2747.84 	 85.00 
4967.38 	 2750.99 	 85.00 
4960.89 	 2753.75 	 85.00 
4954.38 	 2756.46 	 85.00 
4947.68 	 2758.67 	 85.00 
4940.96 	 2760.83 	 85.00 
4934.18 	 2762.76 	 85.00 
4927.41 	 2764.75 	 85.00 
4920.68 	 2766.87 	 85.00 
4913.87 	 2768.71 	 85.00 
4906.98 	 2770.19 	 85.00 
4899.98 	 2770.95 	 85.00 
4892.94 	 2771.39 	 85.00 
4885.88 	 2771.38 	 85.00 
4878.83 	 2771.29 	 85.00 
4871.78 	 2770.93 	 85.00 
4864.73 	 2770.56 	 85.00 
4857.69 	 2770.13 	 85.00 
4850.64 	 2769.84 	 85.00 
4843.59 	 2769.84 	 85.00 
4836.56 	 2770.14 	 85.00 
4829.63 	 2771.48 	 85.00 
4822.77 	 2773.03 	 85.00 
4816.29 	 2775.82 	 85.00 
4809.82 	 2778.62 	 85.00 
4803.84 	 2782.37 	 85.00 
4797.86 	 2786.11 	 85.00 
4792.31 	 2790.47 	 85.00 
4786.78 	 2794.85 	 85.00 
4782.08 	 2800.11 	 85.00 
4777.47 	 2805.44 	 85.00 
4773.42 	 2811.22 	 85.00 
4769.54 	 2817.10 	 85.00 
4766.61 	 2823.52 	 85.00 
4764.64 	 2830.19 	 85.00 
4763.97 	 2837.21 	 85.00 
4765.42 	 2844.04 	 85.00 
4767.53 	 2850.75 	 85.00 
4771.48 	 2856.60 	 85.00 
4775.78 	 2862.16 	 85.00 
4780.71 	 2867.20 	 85.00 
4786.10 	 2871.72 	 85.00 
4791.81 	 2875.86 	 85.00 
4797.96 	 2879.26 	 85.00 
4804.34 	 2882.27 	 85.00 
4810.92 	 2884.81 	 85.00 
4817.57 	 2887.16 	 85.00 
4824.34 	 2889.14 	 85.00 
4831.14 	 2891.02 	 85.00 
4837.94 	 2892.90 	 85.00 
4844.74 	 2894.78 	 85.00 
4851.65 	 2896.17 	 85.00 
4858.60 	 2897.42 	 85.00 
4865.63 	 2897.87 	 85.00 
4872.68 	 2898.17 	 85.00 
4879.65 	 2897.11 	 85.00 
4886.61 	 2895.96 	 85.00 
4893.34 	 2893.83 	 85.00 
4900.04 	 2891.65 	 85.00 
4906.60 	 2889.04 	 85.00 
4913.18 	 2886.49 	 85.00 
4919.86 	 2884.23 	 85.00 
4926.63 	 2882.30 	 85.00 
4933.55 	 2880.94 	 85.00 
4940.56 	 2880.24 	 85.00 
4947.61 	 2879.99 	 85.00 
4954.64 	 2880.36 	 85.00 
4961.68 	 2880.94 	 85.00 
4968.64 	 2882.04 	 85.00 
4975.60 	 2883.23 	 85.00 
4982.39 	 2885.13 	 85.00 
4989.16 	 2887.10 	 85.00 
4995.84 	 2889.37 	 85.00 
5002.49 	 2891.74 	 85.00 
5009.00 	 2894.46 	 85.00 
5015.48 	 2897.25 	 85.00 
5021.87 	 2900.24 	 85.00 
5028.22 	 2903.32 	 85.00 
5034.45 	 2906.61 	 85.00 
5040.64 	 2910.00 	 85.00 
5046.73 	 2913.56 	 85.00 
5052.83 	 2917.11 	 85.00 
5058.95 	 2920.62 	 85.00 
5065.08 	 2924.12 	 85.00 
5071.21 	 2927.61 	 85.00 
5077.42 	 2930.95 	 85.00 
5083.75 	 2934.08 	 85.00 
5090.13 	 2937.09 	 85.00 
5096.56 	 2940.00 	 85.00 
5103.17 	 2942.45 	 85.00 
5109.70 	 2945.11 	 85.00 
5116.36 	 2947.42 	 85.00 
5123.00 	 2949.81 	 85.00 
5129.68 	 2952.07 	 85.00 
5136.45 	 2954.07 	 85.00 
5143.28 	 2955.84 	 85.00 
5150.16 	 2957.39 	 85.00 
5157.11 	 2958.58 	 85.00 
5164.08 	 2959.67 	 85.00 
5171.06 	 2960.75 	 85.00 
5178.04 	 2961.78 	 85.00 
5247.66 	 2356.38 	 90.00 
5245.57 	 2350.38 	 90.00 
5244.03 	 2344.23 	 90.00 
5242.91 	 2337.98 	 90.00 
5242.36 	 2331.65 	 90.00 
5241.96 	 2325.31 	 90.00 
5241.94 	 2318.96 	 90.00 
5242.03 	 2312.60 	 90.00 
5242.20 	 2306.25 	 90.00 
5242.41 	 2299.90 	 90.00 
5242.64 	 2293.55 	 90.00 
5242.90 	 2287.20 	 90.00 
5243.14 	 2280.85 	 90.00 
5243.27 	 2274.49 	 90.00 
5243.39 	 2268.14 	 90.00 
5243.29 	 2261.79 	 90.00 
5243.13 	 2255.43 	 90.00 
5242.92 	 2249.08 	 90.00 
5242.63 	 2242.73 	 90.00 
5245.17 	 2496.13 	 95.00 
5242.19 	 2498.64 	 95.00 
5239.20 	 2501.14 	 95.00 
5236.90 	 2504.22 	 95.00 
5234.91 	 2507.57 	 95.00 
5232.92 	 2510.91 	 95.00 
5231.43 	 2514.49 	 95.00 
5230.18 	 2518.17 	 95.00 
5228.93 	 2521.86 	 95.00 
5227.71 	 2525.55 	 95.00 
5226.56 	 2529.28 	 95.00 
5225.42 	 2533.00 	 95.00 
5224.28 	 2536.72 	 95.00 
5223.12 	 2540.43 	 95.00 
5221.96 	 2544.15 	 95.00 
5220.79 	 2547.86 	 95.00 
5219.63 	 2551.58 	 95.00 
5218.37 	 2555.26 	 95.00 
5217.10 	 2558.94 	 95.00 
5215.82 	 2562.62 	 95.00 
5214.55 	 2566.29 	 95.00 
5213.27 	 2569.97 	 95.00 
5211.99 	 2573.65 	 95.00 
5210.70 	 2577.32 	 95.00 
5209.42 	 2581.00 	 95.00 
5207.89 	 2584.58 	 95.00 
5206.37 	 2588.16 	 95.00 
5204.84 	 2591.74 	 95.00 
5203.29 	 2595.31 	 95.00 
5201.63 	 2598.83 	 95.00 
5199.97 	 2602.35 	 95.00 
5198.32 	 2605.87 	 95.00 
5196.63 	 2609.38 	 95.00 
5194.89 	 2612.87 	 95.00 
5193.16 	 2616.35 	 95.00 
5191.42 	 2619.83 	 95.00 
5189.67 	 2623.31 	 95.00 
5187.89 	 2626.77 	 95.00 
5186.12 	 2630.24 	 95.00 
5184.35 	 2633.70 	 95.00 
5182.48 	 2637.11 	 95.00 
5180.47 	 2640.45 	 95.00 
5178.46 	 2643.78 	 95.00 
5176.45 	 2647.12 	 95.00 
5174.34 	 2650.39 	 95.00 
5172.16 	 2653.61 	 95.00 
5169.98 	 2656.84 	 95.00 
5167.80 	 2660.06 	 95.00 
5165.59 	 2663.26 	 95.00 
5163.38 	 2666.47 	 95.00 
5161.16 	 2669.67 	 95.00 
5158.97 	 2672.88 	 95.00 
5156.80 	 2676.12 	 95.00 
5154.64 	 2679.35 	 95.00 
5152.49 	 2682.60 	 95.00 
5150.36 	 2685.86 	 95.00 
5148.23 	 2689.11 	 95.00 
5146.09 	 2692.37 	 95.00 
5143.92 	 2695.60 	 95.00 
5141.69 	 2698.79 	 95.00 
5139.26 	 2701.81 	 95.00 
5136.80 	 2704.81 	 95.00 
5134.28 	 2707.77 	 95.00 
5131.62 	 2710.61 	 95.00 
5128.75 	 2713.24 	 95.00 
5125.96 	 2715.95 	 95.00 
5123.33 	 2718.82 	 95.00 
5120.71 	 2721.69 	 95.00 
5118.28 	 2724.73 	 95.00 
5115.90 	 2727.82 	 95.00 
5113.53 	 2730.90 	 95.00 
5111.19 	 2734.01 	 95.00 
5108.85 	 2737.12 	 95.00 
5106.51 	 2740.23 	 95.00 
5104.23 	 2743.39 	 95.00 
5101.96 	 2746.55 	 95.00 
5099.69 	 2749.71 	 95.00 
5097.43 	 2752.88 	 95.00 
5095.18 	 2756.06 	 95.00 
5092.92 	 2759.23 	 95.00 
5090.71 	 2762.43 	 95.00 
5088.54 	 2765.66 	 95.00 
5086.37 	 2768.89 	 95.00 
5084.30 	 2772.18 	 95.00 
5082.41 	 2775.59 	 95.00 
5080.52 	 2778.99 	 95.00 
5078.69 	 2782.43 	 95.00 
5077.14 	 2785.99 	 95.00 
5075.58 	 2789.56 	 95.00 
5074.13 	 2793.17 	 95.00 
5073.15 	 2796.93 	 95.00 
5072.18 	 2800.70 	 95.00 
5071.51 	 2804.52 	 95.00 
5071.25 	 2808.40 	 95.00 
5071.17 	 2812.29 	 95.00 
5071.50 	 2816.17 	 95.00 
5072.18 	 2819.97 	 95.00 
5073.48 	 2823.64 	 95.00 
5075.03 	 2827.20 	 95.00 
5076.78 	 2830.68 	 95.00 
5078.72 	 2834.05 	 95.00 
5080.76 	 2837.37 	 95.00 
5082.96 	 2840.57 	 95.00 
5085.24 	 2843.72 	 95.00 
5087.65 	 2846.78 	 95.00 
5090.10 	 2849.80 	 95.00 
5092.66 	 2852.74 	 95.00 
5095.31 	 2855.59 	 95.00 
5098.06 	 2858.34 	 95.00 
5100.94 	 2860.95 	 95.00 
5103.96 	 2863.39 	 95.00 
5107.19 	 2865.57 	 95.00 
5110.55 	 2867.51 	 95.00 
5114.09 	 2869.13 	 95.00 
5117.67 	 2870.65 	 95.00 
5121.22 	 2872.24 	 95.00 
5124.70 	 2873.96 	 95.00 
5128.32 	 2875.40 	 95.00 
5131.93 	 2876.87 	 95.00 
5135.53 	 2878.34 	 95.00 
5139.13 	 2879.81 	 95.00 
5142.75 	 2881.25 	 95.00 
5146.36 	 2882.70 	 95.00 
5149.98 	 2884.14 	 95.00 
5153.64 	 2885.47 	 95.00 
5157.29 	 2886.81 	 95.00 
5160.95 	 2888.14 	 95.00 
5164.63 	 2889.40 	 95.00 
5168.35 	 2890.57 	 95.00 
5172.06 	 2891.74 	 95.00 
5175.78 	 2892.89 	 95.00 
5179.54 	 2893.87 	 95.00 
5183.31 	 2894.85 	 95.00 
5187.08 	 2895.83 	 95.00 
5190.86 	 2896.76 	 95.00 
5194.64 	 2897.68 	 95.00 
5198.42 	 2898.59 	 95.00 
5202.23 	 2899.39 	 95.00 
5206.07 	 2900.01 	 95.00 
5209.92 	 2900.63 	 95.00 
5213.76 	 2901.24 	 95.00 
5217.62 	 2901.74 	 95.00 
5221.48 	 2902.21 	 95.00 
5225.35 	 2902.69 	 95.00 
5229.21 	 2903.13 	 95.00 
5233.08 	 2903.54 	 95.00 
5236.96 	 2903.95 	 95.00 
5240.83 	 2904.37 	 95.00 
5244.70 	 2904.77 	 95.00 
5249.50 	 2635.42 	 100.00 
5248.14 	 2637.45 	 100.00 
5246.79 	 2639.49 	 100.00 
5245.43 	 2641.53 	 100.00 
5244.08 	 2643.57 	 100.00 
5242.73 	 2645.61 	 100.00 
5241.40 	 2647.66 	 100.00 
5240.06 	 2649.71 	 100.00 
5238.73 	 2651.76 	 100.00 
5237.39 	 2653.82 	 100.00 
5236.06 	 2655.87 	 100.00 
5234.77 	 2657.94 	 100.00 
5233.56 	 2660.07 	 100.00 
5232.36 	 2662.21 	 100.00 
5231.16 	 2664.34 	 100.00 
5229.95 	 2666.47 	 100.00 
5228.75 	 2668.60 	 100.00 
5227.70 	 2670.80 	 100.00 
5226.69 	 2673.04 	 100.00 
5225.69 	 2675.27 	 100.00 
5224.68 	 2677.50 	 100.00 
5223.67 	 2679.73 	 100.00 
5222.67 	 2681.96 	 100.00 
5221.74 	 2684.22 	 100.00 
5220.88 	 2686.52 	 100.00 
5220.02 	 2688.81 	 100.00 
5219.16 	 2691.10 	 100.00 
5218.30 	 2693.39 	 100.00 
5217.44 	 2695.68 	 100.00 
5216.58 	 2697.97 	 100.00 
5215.70 	 2700.25 	 100.00 
5214.82 	 2702.53 	 100.00 
5213.93 	 2704.82 	 100.00 
5213.05 	 2707.10 	 100.00 
5212.16 	 2709.38 	 100.00 
5211.28 	 2711.66 	 100.00 
5210.39 	 2713.94 	 100.00 
5209.51 	 2716.22 	 100.00 
5208.71 	 2718.54 	 100.00 
5207.91 	 2720.85 	 100.00 
5207.12 	 2723.17 	 100.00 
5206.32 	 2725.48 	 100.00 
5205.53 	 2727.80 	 100.00 
5204.74 	 2730.11 	 100.00 
5203.94 	 2732.43 	 100.00 
5203.21 	 2734.76 	 100.00 
5202.51 	 2737.10 	 100.00 
5201.80 	 2739.45 	 100.00 
5201.10 	 2741.79 	 100.00 
5200.40 	 2744.14 	 100.00 
5199.70 	 2746.48 	 100.00 
5199.04 	 2748.84 	 100.00 
5198.52 	 2751.23 	 100.00 
5198.00 	 2753.62 	 100.00 
5197.48 	 2756.01 	 100.00 
5196.96 	 2758.40 	 100.00 
5196.44 	 2760.79 	 100.00 
5196.17 	 2763.22 	 100.00 
5195.91 	 2765.66 	 100.00 
5195.65 	 2768.09 	 100.00 
5195.39 	 2770.53 	 100.00 
5195.13 	 2772.96 	 100.00 
5195.12 	 2775.40 	 100.00 
5195.21 	 2777.85 	 100.00 
5195.31 	 2780.29 	 100.00 
5195.40 	 2782.74 	 100.00 
5195.49 	 2785.18 	 100.00 
5195.71 	 2787.61 	 100.00 
5196.77 	 2792.39 	 100.00 
5197.30 	 2794.78 	 100.00 
5197.84 	 2797.17 	 100.00 
5198.67 	 2799.45 	 100.00 
5199.71 	 2801.66 	 100.00 
5200.76 	 2803.88 	 100.00 
5201.81 	 2806.09 	 100.00 
5202.92 	 2808.26 	 100.00 
5204.48 	 2810.14 	 100.00 
5206.04 	 2812.03 	 100.00 
5207.60 	 2813.91 	 100.00 
5209.16 	 2815.80 	 100.00 
5211.04 	 2817.36 	 100.00 
5212.99 	 2818.83 	 100.00 
5214.94 	 2820.31 	 100.00 
5216.89 	 2821.79 	 100.00 
5218.91 	 2823.14 	 100.00 
5221.12 	 2824.21 	 100.00 
5223.32 	 2825.28 	 100.00 
5225.52 	 2826.35 	 100.00 
5227.72 	 2827.42 	 100.00 
5229.92 	 2828.48 	 100.00 
5232.20 	 2829.37 	 100.00 
5234.52 	 2830.17 	 100.00 
5236.83 	 2830.96 	 100.00 
5239.14 	 2831.76 	 100.00 
5241.46 	 2832.56 	 100.00 
5243.77 	 2833.35 	 100.00 
5246.11 	 2834.05 	 100.00 
5248.48 	 2834.66 	 100.00
