574252,40 	5833519,85 	100,00 
574202,34 	5833528,17 	100,00 
574082,10 	5833558,46 	100,00 
573987,63 	5833575,28 	100,00 
573904,94 	5833582,85 	100,00 
574247,37 	5833491,03 	99,00 
574113,50 	5833523,62 	99,00 
574014,75 	5833541,58 	99,00 
573909,92 	5833553,77 	99,00 
573792,62 	5833557,91 	99,00 
573646,43 	5833552,29 	99,00 
574253,08 	5833470,58 	98,00 
574114,77 	5833504,26 	98,00 
574017,23 	5833522,00 	98,00 
573913,84 	5833534,02 	98,00 
573798,08 	5833538,10 	98,00 
573652,13 	5833532,49 	98,00 
574252,88 	5833449,91 	97,00 
574110,12 	5833484,67 	97,00 
574013,79 	5833502,18 	97,00 
573911,84 	5833514,04 	97,00 
573797,62 	5833518,07 	97,00 
573651,91 	5833512,47 	97,00 
574253,65 	5833429,77 	96,00 
574106,44 	5833465,62 	96,00 
574011,33 	5833482,91 	96,00 
573910,81 	5833494,60 	96,00 
573798,13 	5833498,57 	96,00 
573652,67 	5833492,99 	96,00 
574253,94 	5833408,62 	95,00 
574102,29 	5833445,54 	95,00 
574008,39 	5833462,62 	95,00 
573909,31 	5833474,14 	95,00 
573798,17 	5833478,06 	95,00 
573652,96 	5833472,48 	95,00 
573653,30 	5833448,25 	94,00 
573760,47 	5833455,99 	94,00 
573859,39 	5833453,48 	94,00 
574017,11 	5833440,31 	94,00 
574071,58 	5833432,15 	94,00 
574149,25 	5833410,22 	94,00 
574254,39 	5833376,55 	94,00 
573653,57 	5833428,21 	94,00 
573760,94 	5833435,97 	94,00 
573858,30 	5833433,50 	94,00 
574014,80 	5833420,44 	94,00 
574067,36 	5833412,56 	94,00 
574143,48 	5833391,06 	94,00 
574254,68 	5833355,46 	94,00 
573653,85 	5833408,18 	93,00 
573761,41 	5833415,95 	93,00 
573857,21 	5833413,52 	93,00 
574012,48 	5833400,56 	93,00 
574063,15 	5833392,97 	93,00 
574137,71 	5833371,91 	93,00 
574254,97 	5833334,36 	93,00 
573654,13 	5833388,15 	92,00 
573761,87 	5833395,93 	92,00 
573856,13 	5833393,54 	92,00 
574010,17 	5833380,68 	92,00 
574058,93 	5833373,37 	92,00 
574131,95 	5833352,75 	92,00 
574255,27 	5833313,27 	92,00 
573654,41 	5833368,11 	91,00 
573762,34 	5833375,91 	91,00 
573855,04 	5833373,56 	91,00 
574007,85 	5833360,80 	91,00 
574054,71 	5833353,78 	91,00 
574126,18 	5833333,60 	91,00 
574255,56 	5833292,17 	91,00 
573654,69 	5833348,08 	90,00 
573762,81 	5833355,89 	90,00 
573853,95 	5833353,58 	90,00 
574005,53 	5833340,93 	90,00 
574050,50 	5833334,19 	90,00 
574120,41 	5833314,44 	90,00 
574255,85 	5833271,08 	90,00 
573654,96 	5833328,05 	89,00 
573763,28 	5833335,87 	89,00 
573852,87 	5833333,60 	89,00 
574003,22 	5833321,05 	89,00 
574046,28 	5833314,60 	89,00 
574114,64 	5833295,29 	89,00 
574256,14 	5833249,98 	89,00 
573655,24 	5833308,01 	88,00 
573763,75 	5833315,85 	88,00 
573851,78 	5833313,62 	88,00 
574000,90 	5833301,17 	88,00 
574042,06 	5833295,00 	88,00 
574108,87 	5833276,14 	88,00 
574256,44 	5833228,89 	88,00 
573655,52 	5833287,98 	87,00 
573764,21 	5833295,83 	87,00 
573850,69 	5833293,64 	87,00 
573998,59 	5833281,29 	87,00 
574037,85 	5833275,41 	87,00 
574103,10 	5833256,98 	87,00 
574256,73 	5833207,79 	87,00 
574257,18 	5833174,96 	85,00 
574245,26 	5833180,98 	85,00 
574148,03 	5833216,58 	85,00 
574048,46 	5833245,77 	85,00 
574019,97 	5833248,85 	85,00 
573956,77 	5833252,95 	85,00 
573853,51 	5833265,36 	85,00 
573768,00 	5833269,48 	85,00 
573655,92 	5833259,11 	85,00 
574257,50 	5833152,40 	84,00 
574237,29 	5833162,59 	84,00 
574141,77 	5833197,57 	84,00 
574044,54 	5833226,08 	84,00 
574018,24 	5833228,92 	84,00 
573954,92 	5833233,02 	84,00 
573851,83 	5833245,42 	84,00 
573768,45 	5833249,43 	84,00 
573656,20 	5833239,05 	84,00 
574257,81 	5833129,85 	83,00 
574229,32 	5833144,21 	83,00 
574135,51 	5833178,56 	83,00 
574040,62 	5833206,38 	83,00 
574016,52 	5833208,98 	83,00 
573953,08 	5833213,10 	83,00 
573850,15 	5833225,48 	83,00 
573768,89 	5833229,38 	83,00 
573656,48 	5833218,99 	83,00 
574258,12 	5833107,29 	82,00 
574221,35 	5833125,83 	82,00 
574129,25 	5833159,56 	82,00 
574036,70 	5833186,69 	82,00 
574014,80 	5833189,05 	82,00 
573951,24 	5833193,17 	82,00 
573848,48 	5833205,53 	82,00 
573769,33 	5833209,34 	82,00 
573656,76 	5833198,93 	82,00 
574258,44 	5833084,73 	81,00 
574213,38 	5833107,45 	81,00 
574122,99 	5833140,55 	81,00 
574032,79 	5833166,99 	81,00 
574013,08 	5833169,12 	81,00 
573949,39 	5833173,25 	81,00 
573846,80 	5833185,59 	81,00 
573769,77 	5833189,29 	81,00 
573657,03 	5833178,86 	81,00 
573657,26 	5833162,46 	80,00 
573732,87 	5833167,88 	80,00 
573803,72 	5833169,03 	80,00 
573927,33 	5833160,24 	80,00 
573994,02 	5833161,07 	80,00 
574008,97 	5833155,18 	80,00 
574037,97 	5833139,08 	80,00 
574127,68 	5833109,03 	80,00 
574170,15 	5833091,99 	80,00 
574222,45 	5833068,92 	80,00 
574258,95 	5833047,80 	80,00 
573657,54 	5833142,42 	79,00 
573733,75 	5833147,89 	79,00 
573803,17 	5833149,02 	79,00 
573926,74 	5833140,23 	79,00 
573990,34 	5833141,02 	79,00 
574000,41 	5833137,06 	79,00 
574029,87 	5833120,70 	79,00 
574120,77 	5833090,25 	79,00 
574162,38 	5833073,55 	79,00 
574213,38 	5833051,06 	79,00 
574259,27 	5833024,50 	79,00 
573657,82 	5833122,39 	78,00 
573734,63 	5833127,90 	78,00 
573802,62 	5833129,00 	78,00 
573926,16 	5833120,22 	78,00 
573986,67 	5833120,97 	78,00 
573991,85 	5833118,93 	78,00 
574021,77 	5833102,32 	78,00 
574113,86 	5833071,47 	78,00 
574154,62 	5833055,11 	78,00 
574204,31 	5833033,20 	78,00 
574259,60 	5833001,21 	78,00 
573658,12 	5833100,84 	77,00 
573717,27 	5833105,08 	77,00 
573813,24 	5833105,75 	77,00 
573879,87 	5833100,86 	77,00 
573977,90 	5833083,62 	77,00 
574020,77 	5833068,80 	77,00 
574220,89 	5832987,14 	77,00 
573658,39 	5833080,81 	76,00 
573718,06 	5833085,08 	76,00 
573812,57 	5833085,74 	76,00 
573877,40 	5833080,98 	76,00 
573972,87 	5833064,20 	76,00 
574013,72 	5833050,07 	76,00 
574169,69 	5832986,43 	76,00 
573658,67 	5833060,78 	75,00 
573718,84 	5833065,08 	75,00 
573811,91 	5833065,73 	75,00 
573874,93 	5833061,11 	75,00 
573967,84 	5833044,78 	75,00 
574006,67 	5833031,35 	75,00 
574118,49 	5832985,72 	75,00 
573658,95 	5833040,75 	74,00 
573719,62 	5833045,09 	74,00 
573811,25 	5833045,73 	74,00 
573872,46 	5833041,23 	74,00 
573962,81 	5833025,35 	74,00 
573999,61 	5833012,62 	74,00 
574067,29 	5832985,01 	74,00 
573659,23 	5833020,71 	73,00 
573720,41 	5833025,09 	73,00 
573810,58 	5833025,72 	73,00 
573869,99 	5833021,36 	73,00 
573957,78 	5833005,93 	73,00 
573992,56 	5832993,90 	73,00 
574016,09 	5832984,30 	73,00 
573659,51 	5833000,68 	72,00 
573721,19 	5833005,09 	72,00 
573809,92 	5833005,71 	72,00 
573867,52 	5833001,49 	72,00 
573952,74 	5832986,51 	72,00 
573961,33 	5832983,54 	72,00 
573659,78 	5832980,65 	72,00 
573721,98 	5832985,10 	72,00 
573809,26 	5832985,71 	72,00 
573858,29 	5832982,11 	72,00