6649.07 	 4595.81 	 45.00 
6653.46 	 4599.71 	 45.00 
6657.69 	 4603.80 	 45.00 
6661.76 	 4608.03 	 45.00 
6665.78 	 4612.32 	 45.00 
6669.76 	 4616.65 	 45.00 
6673.74 	 4620.97 	 45.00 
6677.69 	 4625.32 	 45.00 
6681.63 	 4629.68 	 45.00 
6685.57 	 4634.04 	 45.00 
6688.79 	 4638.95 	 45.00 
6691.91 	 4643.93 	 45.00 
6694.99 	 4648.94 	 45.00 
6697.84 	 4654.08 	 45.00 
6700.68 	 4659.22 	 45.00 
6703.40 	 4664.42 	 45.00 
6705.59 	 4669.88 	 45.00 
6707.77 	 4675.33 	 45.00 
6709.83 	 4680.83 	 45.00 
6711.66 	 4686.42 	 45.00 
6713.42 	 4692.02 	 45.00 
6714.83 	 4697.72 	 45.00 
6715.84 	 4703.51 	 45.00 
6716.82 	 4709.30 	 45.00 
6717.61 	 4715.13 	 45.00 
6718.29 	 4720.96 	 45.00 
6718.97 	 4726.80 	 45.00 
6718.67 	 4732.64 	 45.00 
6718.02 	 4738.49 	 45.00 
6717.29 	 4744.32 	 45.00 
6716.48 	 4750.14 	 45.00 
6715.62 	 4755.95 	 45.00 
6714.71 	 4761.76 	 45.00 
6713.66 	 4767.54 	 45.00 
6712.58 	 4773.32 	 45.00 
6711.50 	 4779.09 	 45.00 
6710.40 	 4784.87 	 45.00 
6709.31 	 4790.64 	 45.00 
6708.25 	 4796.42 	 45.00 
6707.25 	 4802.22 	 45.00 
6706.56 	 4808.05 	 45.00 
6706.86 	 4813.84 	 45.00 
6708.33 	 4819.49 	 45.00 
6711.74 	 4824.28 	 45.00 
6715.67 	 4828.62 	 45.00 
6720.12 	 4832.42 	 45.00 
6725.07 	 4835.57 	 45.00 
6730.03 	 4838.73 	 45.00 
6735.07 	 4841.75 	 45.00 
6736.90 	 4894.91 	 50.00 
6733.58 	 4893.15 	 50.00 
6730.26 	 4891.38 	 50.00 
6726.93 	 4889.62 	 50.00 
6723.72 	 4887.66 	 50.00 
6720.54 	 4885.66 	 50.00 
6717.35 	 4883.66 	 50.00 
6714.17 	 4881.66 	 50.00 
6710.99 	 4879.64 	 50.00 
6707.82 	 4877.62 	 50.00 
6704.64 	 4875.60 	 50.00 
6701.47 	 4873.58 	 50.00 
6698.35 	 4871.48 	 50.00 
6695.24 	 4869.36 	 50.00 
6692.25 	 4867.07 	 50.00 
6689.28 	 4864.77 	 50.00 
6686.45 	 4862.29 	 50.00 
6683.64 	 4859.79 	 50.00 
6680.95 	 4857.16 	 50.00 
6678.27 	 4854.52 	 50.00 
6675.98 	 4851.54 	 50.00 
6673.73 	 4848.52 	 50.00 
6671.70 	 4845.36 	 50.00 
6669.70 	 4842.17 	 50.00 
6667.87 	 4838.88 	 50.00 
6666.07 	 4835.58 	 50.00 
6664.94 	 4832.00 	 50.00 
6663.88 	 4828.39 	 50.00 
6663.06 	 4824.72 	 50.00 
6662.27 	 4821.04 	 50.00 
6661.84 	 4817.31 	 50.00 
6661.44 	 4813.56 	 50.00 
6661.57 	 4809.81 	 50.00 
6661.75 	 4806.05 	 50.00 
6662.12 	 4802.31 	 50.00 
6662.51 	 4798.56 	 50.00 
6663.12 	 4794.85 	 50.00 
6663.75 	 4791.14 	 50.00 
6664.42 	 4787.44 	 50.00 
6665.08 	 4783.74 	 50.00 
6665.78 	 4780.04 	 50.00 
6666.48 	 4776.34 	 50.00 
6667.18 	 4772.65 	 50.00 
6667.88 	 4768.95 	 50.00 
6668.57 	 4765.25 	 50.00 
6669.27 	 4761.56 	 50.00 
6669.94 	 4757.86 	 50.00 
6670.62 	 4754.15 	 50.00 
6671.20 	 4750.44 	 50.00 
6671.77 	 4746.72 	 50.00 
6672.30 	 4742.99 	 50.00 
6672.83 	 4739.27 	 50.00 
6673.30 	 4735.54 	 50.00 
6673.76 	 4731.80 	 50.00 
6673.71 	 4728.05 	 50.00 
6673.60 	 4724.28 	 50.00 
6673.18 	 4720.55 	 50.00 
6672.74 	 4716.81 	 50.00 
6672.10 	 4713.10 	 50.00 
6671.45 	 4709.40 	 50.00 
6670.58 	 4705.74 	 50.00 
6669.69 	 4702.08 	 50.00 
6668.58 	 4698.49 	 50.00 
6667.44 	 4694.90 	 50.00 
6666.06 	 4691.41 	 50.00 
6664.62 	 4687.93 	 50.00 
6663.19 	 4684.45 	 50.00 
6661.75 	 4680.97 	 50.00 
6659.94 	 4677.69 	 50.00 
6658.02 	 4674.45 	 50.00 
6656.09 	 4671.22 	 50.00 
6654.17 	 4667.99 	 50.00 
6652.15 	 4664.81 	 50.00 
6650.12 	 4661.65 	 50.00 
6647.65 	 4658.81 	 50.00 
6645.13 	 4656.02 	 50.00 
6642.60 	 4653.24 	 50.00 
6640.06 	 4650.46 	 50.00 
6637.56 	 4647.65 	 50.00 
6635.05 	 4644.84 	 50.00 
6632.45 	 4642.13 	 50.00 
6629.83 	 4639.43 	 50.00 
6627.20 	 4636.73 	 50.00 
6624.58 	 4634.04 	 50.00 
6621.88 	 4631.42 	 50.00 
6619.17 	 4628.81 	 50.00 
6616.44 	 4626.22 	 50.00 
6613.71 	 4623.64 	 50.00 
6610.97 	 4621.05 	 50.00 
6608.24 	 4618.46 	 50.00 
6605.61 	 4615.78 	 50.00 
6602.98 	 4613.08 	 50.00 
6600.34 	 4610.40 	 50.00 
6597.70 	 4607.72 	 50.00 
6594.95 	 4605.16 	 50.00 
6592.19 	 4602.60 	 50.00 
6589.49 	 4599.98 	 50.00 
6586.81 	 4597.34 	 50.00 
6584.13 	 4594.69 	 50.00 
6243.58 	 4703.34 	 55.00 
6246.93 	 4701.32 	 55.00 
6250.28 	 4699.30 	 55.00 
6253.64 	 4697.29 	 55.00 
6256.99 	 4695.27 	 55.00 
6260.34 	 4693.25 	 55.00 
6263.70 	 4691.23 	 55.00 
6267.05 	 4689.21 	 55.00 
6270.40 	 4687.20 	 55.00 
6273.76 	 4685.18 	 55.00 
6277.11 	 4683.16 	 55.00 
6280.47 	 4681.16 	 55.00 
6283.84 	 4679.16 	 55.00 
6287.20 	 4677.16 	 55.00 
6290.60 	 4675.23 	 55.00 
6294.03 	 4673.33 	 55.00 
6297.45 	 4671.43 	 55.00 
6300.90 	 4669.58 	 55.00 
6304.35 	 4667.75 	 55.00 
6307.81 	 4665.91 	 55.00 
6311.31 	 4664.16 	 55.00 
6314.81 	 4662.41 	 55.00 
6318.32 	 4660.68 	 55.00 
6321.90 	 4659.09 	 55.00 
6325.47 	 4657.49 	 55.00 
6329.05 	 4655.92 	 55.00 
6332.66 	 4654.41 	 55.00 
6336.28 	 4652.90 	 55.00 
6339.91 	 4651.45 	 55.00 
6343.58 	 4650.09 	 55.00 
6347.25 	 4648.72 	 55.00 
6350.94 	 4647.42 	 55.00 
6354.64 	 4646.17 	 55.00 
6358.35 	 4644.91 	 55.00 
6361.97 	 4643.42 	 55.00 
6365.55 	 4641.85 	 55.00 
6369.13 	 4640.28 	 55.00 
6372.72 	 4638.70 	 55.00 
6376.30 	 4637.13 	 55.00 
6379.88 	 4635.55 	 55.00 
6383.39 	 4633.82 	 55.00 
6386.89 	 4632.08 	 55.00 
6390.40 	 4630.35 	 55.00 
6393.96 	 4628.70 	 55.00 
6397.51 	 4627.06 	 55.00 
6401.06 	 4625.41 	 55.00 
6404.61 	 4623.77 	 55.00 
6408.16 	 4622.12 	 55.00 
6411.72 	 4620.51 	 55.00 
6415.31 	 4618.94 	 55.00 
6418.90 	 4617.38 	 55.00 
6422.52 	 4615.90 	 55.00 
6426.18 	 4614.50 	 55.00 
6429.83 	 4613.10 	 55.00 
6433.53 	 4611.83 	 55.00 
6437.25 	 4610.62 	 55.00 
6440.98 	 4609.41 	 55.00 
6444.67 	 4608.11 	 55.00 
6448.35 	 4606.79 	 55.00 
6452.03 	 4605.46 	 55.00 
6455.67 	 4604.02 	 55.00 
6459.31 	 4602.58 	 55.00 
6462.96 	 4601.18 	 55.00 
6466.73 	 4600.13 	 55.00 
6470.50 	 4599.08 	 55.00 
6474.30 	 4598.16 	 55.00 
6478.17 	 4597.62 	 55.00 
6482.05 	 4597.09 	 55.00 
6485.94 	 4596.71 	 55.00 
6489.85 	 4596.57 	 55.00 
6493.76 	 4596.43 	 55.00 
6497.65 	 4596.69 	 55.00 
6501.52 	 4597.28 	 55.00 
6505.39 	 4597.88 	 55.00 
6509.26 	 4598.48 	 55.00 
6513.12 	 4599.07 	 55.00 
6516.99 	 4599.67 	 55.00 
6520.85 	 4600.30 	 55.00 
6524.72 	 4600.94 	 55.00 
6528.58 	 4601.58 	 55.00 
6532.38 	 4602.51 	 55.00 
6536.17 	 4603.46 	 55.00 
6539.95 	 4604.46 	 55.00 
6543.59 	 4605.91 	 55.00 
6547.22 	 4607.36 	 55.00 
6550.79 	 4608.94 	 55.00 
6554.17 	 4610.92 	 55.00 
6557.55 	 4612.89 	 55.00 
6560.84 	 4615.01 	 55.00 
6563.98 	 4617.34 	 55.00 
6567.12 	 4619.67 	 55.00 
6570.18 	 4622.11 	 55.00 
6573.17 	 4624.63 	 55.00 
6576.16 	 4627.16 	 55.00 
6579.11 	 4629.73 	 55.00 
6582.03 	 4632.33 	 55.00 
6584.96 	 4634.93 	 55.00 
6587.74 	 4637.69 	 55.00 
6590.48 	 4640.48 	 55.00 
6593.23 	 4643.27 	 55.00 
6595.93 	 4646.09 	 55.00 
6598.64 	 4648.92 	 55.00 
6601.34 	 4651.75 	 55.00 
6604.04 	 4654.58 	 55.00 
6606.75 	 4657.41 	 55.00 
6609.44 	 4660.25 	 55.00 
6612.10 	 4663.12 	 55.00 
6614.77 	 4665.99 	 55.00 
6617.37 	 4668.91 	 55.00 
6619.87 	 4671.92 	 55.00 
6622.38 	 4674.92 	 55.00 
6624.77 	 4678.01 	 55.00 
6627.07 	 4681.18 	 55.00 
6629.38 	 4684.35 	 55.00 
6631.48 	 4687.64 	 55.00 
6633.49 	 4691.00 	 55.00 
6635.50 	 4694.36 	 55.00 
6637.21 	 4697.87 	 55.00 
6638.86 	 4701.42 	 55.00 
6640.51 	 4704.97 	 55.00 
6641.57 	 4708.74 	 55.00 
6642.61 	 4712.51 	 55.00 
6643.55 	 4716.30 	 55.00 
6643.80 	 4720.21 	 55.00 
6644.05 	 4724.11 	 55.00 
6644.11 	 4728.01 	 55.00 
6643.68 	 4731.90 	 55.00 
6643.25 	 4735.79 	 55.00 
6642.60 	 4739.64 	 55.00 
6641.65 	 4743.44 	 55.00 
6640.71 	 4747.24 	 55.00 
6639.62 	 4750.99 	 55.00 
6638.41 	 4754.72 	 55.00 
6637.20 	 4758.44 	 55.00 
6635.95 	 4762.15 	 55.00 
6634.70 	 4765.85 	 55.00 
6633.44 	 4769.56 	 55.00 
6632.18 	 4773.27 	 55.00 
6630.92 	 4776.97 	 55.00 
6629.68 	 4780.68 	 55.00 
6629.94 	 4784.59 	 55.00 
6630.20 	 4788.49 	 55.00 
6630.44 	 4792.40 	 55.00 
6630.51 	 4796.31 	 55.00 
6630.58 	 4800.22 	 55.00 
6630.80 	 4804.12 	 55.00 
6631.38 	 4807.99 	 55.00 
6631.95 	 4811.87 	 55.00 
6632.57 	 4815.73 	 55.00 
6633.25 	 4819.58 	 55.00 
6633.94 	 4823.44 	 55.00 
6634.52 	 4827.30 	 55.00 
6635.04 	 4831.18 	 55.00 
6635.56 	 4835.06 	 55.00 
6636.76 	 4838.76 	 55.00 
6638.24 	 4842.39 	 55.00 
6639.71 	 4846.01 	 55.00 
6641.32 	 4849.58 	 55.00 
6642.96 	 4853.13 	 55.00 
6644.59 	 4856.69 	 55.00 
6646.06 	 4860.32 	 55.00 
6647.53 	 4863.94 	 55.00 
6649.05 	 4867.55 	 55.00 
6650.85 	 4871.02 	 55.00 
6652.65 	 4874.50 	 55.00 
6654.51 	 4877.94 	 55.00 
6656.52 	 4881.30 	 55.00 
6658.53 	 4884.65 	 55.00 
6660.79 	 4887.83 	 55.00 
6663.35 	 4890.79 	 55.00 
6665.90 	 4893.76 	 55.00 
6668.46 	 4896.72 	 55.00 
6671.02 	 4899.69 	 55.00 
6673.57 	 4902.65 	 55.00 
6676.13 	 4905.61 	 55.00 
6678.68 	 4908.58 	 55.00 
6681.24 	 4911.54 	 55.00 
6683.79 	 4914.50 	 55.00 
6686.35 	 4917.47 	 55.00 
6688.91 	 4920.43 	 55.00 
6691.46 	 4923.40 	 55.00 
6694.02 	 4926.36 	 55.00 
6696.57 	 4929.32 	 55.00 
6699.13 	 4932.29 	 55.00 
6701.68 	 4935.25 	 55.00 
6704.24 	 4938.22 	 55.00 
6706.80 	 4941.18 	 55.00 
6709.35 	 4944.14 	 55.00 
6711.91 	 4947.11 	 55.00 
6714.46 	 4950.07 	 55.00 
6717.02 	 4953.03 	 55.00 
6719.53 	 4956.03 	 55.00 
6722.02 	 4959.06 	 55.00 
6724.50 	 4962.08 	 55.00 
6727.08 	 4965.02 	 55.00 
6729.71 	 4967.92 	 55.00 
6732.34 	 4970.82 	 55.00 
6734.97 	 4973.72 	 55.00 
6737.60 	 4976.62 	 55.00 
6737.87 	 5053.35 	65.00 
6735.51 	 5050.11 	65.00 
6733.15 	 5046.87 	65.00 
6730.79 	 5043.63 	65.00 
6728.43 	 5040.39 	65.00 
6726.07 	 5037.14 	65.00 
6723.71 	 5033.90 	65.00 
6721.35 	 5030.66 	65.00 
6719.00 	 5027.42 	65.00 
6716.64 	 5024.18 	65.00 
6714.28 	 5020.94 	65.00 
6711.92 	 5017.70 	65.00 
6709.56 	 5014.46 	65.00 
6707.20 	 5011.22 	65.00 
6704.84 	 5007.98 	65.00 
6702.48 	 5004.74 	65.00 
6700.12 	 5001.50 	65.00 
6697.76 	 4998.26 	65.00 
6695.41 	 4995.02 	65.00 
6693.05 	 4991.78 	65.00 
6690.69 	 4988.54 	65.00 
6688.33 	 4985.30 	65.00 
6685.97 	 4982.06 	65.00 
6683.61 	 4978.82 	65.00 
6681.25 	 4975.58 	65.00 
6678.89 	 4972.34 	65.00 
6676.53 	 4969.09 	65.00 
6674.18 	 4965.85 	65.00 
6671.82 	 4962.61 	65.00 
6669.46 	 4959.37 	65.00 
6667.10 	 4956.13 	65.00 
6664.74 	 4952.89 	65.00 
6662.38 	 4949.65 	65.00 
6660.02 	 4946.41 	65.00 
6657.66 	 4943.17 	65.00 
6655.30 	 4939.93 	65.00 
6652.95 	 4936.69 	65.00 
6650.59 	 4933.45 	65.00 
6648.23 	 4930.21 	65.00 
6645.87 	 4926.97 	65.00 
6643.98 	 4923.43 	65.00 
6642.11 	 4919.89 	65.00 
6640.24 	 4916.34 	65.00 
6638.30 	 4912.83 	65.00 
6636.34 	 4909.34 	65.00 
6634.37 	 4905.85 	65.00 
6632.70 	 4902.23 	65.00 
6631.60 	 4898.38 	65.00 
6630.50 	 4894.52 	65.00 
6629.39 	 4890.67 	65.00 
6627.75 	 4887.02 	65.00 
6626.10 	 4883.36 	65.00 
6624.46 	 4879.71 	65.00 
6622.53 	 4876.20 	65.00 
6620.51 	 4872.74 	65.00 
6618.48 	 4869.28 	65.00 
6616.61 	 4865.74 	65.00 
6614.94 	 4862.10 	65.00 
6613.28 	 4858.45 	65.00 
6611.61 	 4854.81 	65.00 
6609.91 	 4851.17 	65.00 
6608.22 	 4847.54 	65.00 
6606.53 	 4843.91 	65.00 
6605.06 	 4840.18 	65.00 
6603.66 	 4836.43 	65.00 
6602.27 	 4832.67 	65.00 
6601.14 	 4828.84 	65.00 
6600.36 	 4824.90 	65.00 
6599.58 	 4820.97 	65.00 
6598.83 	 4817.04 	65.00 
6598.45 	 4813.05 	65.00 
6598.06 	 4809.06 	65.00 
6597.67 	 4805.07 	65.00 
6597.65 	 4801.06 	65.00 
6597.74 	 4797.06 	65.00 
6597.84 	 4793.05 	65.00 
6598.37 	 4789.11 	65.00 
6599.48 	 4785.26 	65.00 
6600.58 	 4781.40 	65.00 
6601.70 	 4777.56 	65.00 
6602.92 	 4773.74 	65.00 
6604.14 	 4769.92 	65.00 
6605.35 	 4766.10 	65.00 
6606.37 	 4762.22 	65.00 
6607.32 	 4758.33 	65.00 
6608.27 	 4754.44 	65.00 
6609.03 	 4750.51 	65.00 
6609.54 	 4746.53 	65.00 
6610.05 	 4742.56 	65.00 
6610.50 	 4738.58 	65.00 
6610.43 	 4734.57 	65.00 
6610.36 	 4730.56 	65.00 
6610.29 	 4726.56 	65.00 
6609.66 	 4722.61 	65.00 
6608.88 	 4718.68 	65.00 
6608.10 	 4714.74 	65.00 
6607.01 	 4710.90 	65.00 
6605.55 	 4707.17 	65.00 
6604.09 	 4703.44 	65.00 
6602.55 	 4699.74 	65.00 
6600.48 	 4696.31 	65.00 
6598.42 	 4692.87 	65.00 
6596.36 	 4689.44 	65.00 
6593.95 	 4686.24 	65.00 
6591.45 	 4683.11 	65.00 
6588.95 	 4679.97 	65.00 
6586.26 	 4677.02 	65.00 
6583.34 	 4674.26 	65.00 
6580.43 	 4671.51 	65.00 
6577.47 	 4668.81 	65.00 
6574.23 	 4666.45 	65.00 
6570.99 	 4664.09 	65.00 
6567.75 	 4661.74 	65.00 
6564.29 	 4659.72 	65.00 
6560.77 	 4657.80 	65.00 
6557.26 	 4655.88 	65.00 
6553.65 	 4654.14 	65.00 
6549.95 	 4652.62 	65.00 
6546.24 	 4651.09 	65.00 
6542.50 	 4649.66 	65.00 
6538.59 	 4648.77 	65.00 
6534.68 	 4647.89 	65.00 
6530.77 	 4647.01 	65.00 
6526.79 	 4646.67 	65.00 
6522.79 	 4646.46 	65.00 
6518.78 	 4646.25 	65.00 
6514.78 	 4646.28 	65.00 
6510.79 	 4646.58 	65.00 
6506.79 	 4646.87 	65.00 
6502.79 	 4647.18 	65.00 
6498.81 	 4647.60 	65.00 
6494.82 	 4648.01 	65.00 
6490.83 	 4648.43 	65.00 
6486.94 	 4649.36 	65.00 
6483.07 	 4650.41 	65.00 
6479.20 	 4651.45 	65.00 
6475.38 	 4652.65 	65.00 
6471.61 	 4654.02 	65.00 
6467.85 	 4655.38 	65.00 
6464.08 	 4656.75 	65.00 
6460.32 	 4658.14 	65.00 
6456.56 	 4659.53 	65.00 
6452.80 	 4660.92 	65.00 
6449.02 	 4662.24 	65.00 
6445.22 	 4663.54 	65.00 
6441.43 	 4664.84 	65.00 
6437.61 	 4666.04 	65.00 
6433.75 	 4667.12 	65.00 
6429.89 	 4668.19 	65.00 
6426.02 	 4669.23 	65.00 
6422.09 	 4670.00 	65.00 
6418.15 	 4670.78 	65.00 
6414.22 	 4671.55 	65.00 
6410.28 	 4672.27 	65.00 
6406.33 	 4672.97 	65.00 
6402.38 	 4673.67 	65.00 
6398.47 	 4674.53 	65.00 
6394.59 	 4675.54 	65.00 
6390.71 	 4676.55 	65.00 
6386.85 	 4677.59 	65.00 
6383.04 	 4678.85 	65.00 
6379.23 	 4680.11 	65.00 
6375.43 	 4681.36 	65.00 
6371.81 	 4683.07 	65.00 
6368.22 	 4684.86 	65.00 
6364.63 	 4686.64 	65.00 
6361.04 	 4688.42 	65.00 
6357.45 	 4690.20 	65.00 
6353.85 	 4691.98 	65.00 
6350.23 	 4693.70 	65.00 
6346.59 	 4695.36 	65.00 
6342.94 	 4697.02 	65.00 
6339.29 	 4698.69 	65.00 
6335.65 	 4700.35 	65.00 
6332.00 	 4702.01 	65.00 
6328.35 	 4703.68 	65.00 
6324.69 	 4705.30 	65.00 
6321.00 	 4706.87 	65.00 
6317.31 	 4708.44 	65.00 
6313.62 	 4710.00 	65.00 
6309.91 	 4711.51 	65.00 
6306.20 	 4713.02 	65.00 
6302.48 	 4714.53 	65.00 
6298.75 	 4716.00 	65.00 
6295.02 	 4717.46 	65.00 
6291.29 	 4718.92 	65.00 
6287.58 	 4720.44 	65.00 
6283.90 	 4722.03 	65.00 
6280.23 	 4723.63 	65.00 
6276.55 	 4725.23 	65.00 
6272.87 	 4726.83 	65.00 
6269.20 	 4728.42 	65.00 
6265.52 	 4730.02 	65.00 
6261.85 	 4731.62 	65.00 
6258.17 	 4733.22 	65.00 
6254.49 	 4734.82 	65.00 
6250.88 	 4736.53 	65.00 
6247.33 	 4738.39 	65.00 
6243.78 	 4740.25 	65.00 
6243.72 	 4799.39 	 70.00 
6247.22 	 4798.08 	 70.00 
6250.72 	 4796.78 	 70.00 
6254.15 	 4795.31 	 70.00 
6257.56 	 4793.79 	 70.00 
6260.97 	 4792.26 	 70.00 
6264.38 	 4790.75 	 70.00 
6267.80 	 4789.25 	 70.00 
6271.22 	 4787.75 	 70.00 
6274.63 	 4786.25 	 70.00 
6278.06 	 4784.76 	 70.00 
6281.48 	 4783.27 	 70.00 
6284.91 	 4781.78 	 70.00 
6288.32 	 4780.27 	 70.00 
6291.72 	 4778.74 	 70.00 
6295.13 	 4777.21 	 70.00 
6298.55 	 4775.72 	 70.00 
6301.99 	 4774.27 	 70.00 
6305.43 	 4772.81 	 70.00 
6308.89 	 4771.45 	 70.00 
6312.35 	 4770.08 	 70.00 
6315.81 	 4768.68 	 70.00 
6319.27 	 4767.28 	 70.00 
6322.73 	 4765.88 	 70.00 
6326.20 	 4764.48 	 70.00 
6329.66 	 4763.08 	 70.00 
6333.12 	 4761.69 	 70.00 
6336.60 	 4760.32 	 70.00 
6340.07 	 4758.95 	 70.00 
6343.54 	 4757.58 	 70.00 
6346.93 	 4756.03 	 70.00 
6350.32 	 4754.45 	 70.00 
6353.70 	 4752.87 	 70.00 
6357.08 	 4751.29 	 70.00 
6360.47 	 4749.71 	 70.00 
6363.85 	 4748.13 	 70.00 
6367.23 	 4746.55 	 70.00 
6370.61 	 4744.97 	 70.00 
6374.00 	 4743.39 	 70.00 
6377.38 	 4741.81 	 70.00 
6380.75 	 4740.20 	 70.00 
6384.11 	 4738.59 	 70.00 
6387.48 	 4736.98 	 70.00 
6390.89 	 4735.47 	 70.00 
6394.33 	 4734.00 	 70.00 
6397.76 	 4732.53 	 70.00 
6401.24 	 4731.21 	 70.00 
6404.82 	 4730.14 	 70.00 
6408.40 	 4729.07 	 70.00 
6411.98 	 4728.02 	 70.00 
6415.66 	 4727.37 	 70.00 
6419.33 	 4726.73 	 70.00 
6423.01 	 4726.09 	 70.00 
6426.68 	 4725.40 	 70.00 
6430.35 	 4724.69 	 70.00 
6434.01 	 4723.99 	 70.00 
6437.66 	 4723.21 	 70.00 
6441.29 	 4722.31 	 70.00 
6444.91 	 4721.41 	 70.00 
6448.53 	 4720.51 	 70.00 
6452.09 	 4719.40 	 70.00 
6455.66 	 4718.29 	 70.00 
6459.22 	 4717.17 	 70.00 
6462.75 	 4715.97 	 70.00 
6466.27 	 4714.72 	 70.00 
6469.79 	 4713.46 	 70.00 
6473.30 	 4712.20 	 70.00 
6476.80 	 4710.90 	 70.00 
6480.30 	 4709.60 	 70.00 
6483.80 	 4708.31 	 70.00 
6487.32 	 4707.06 	 70.00 
6490.84 	 4705.81 	 70.00 
6494.36 	 4704.56 	 70.00 
6497.98 	 4703.74 	 70.00 
6501.67 	 4703.14 	 70.00 
6505.35 	 4702.55 	 70.00 
6509.05 	 4702.07 	 70.00 
6512.78 	 4701.82 	 70.00 
6516.50 	 4701.58 	 70.00 
6520.23 	 4701.34 	 70.00 
6523.81 	 4702.41 	 70.00 
6527.38 	 4703.48 	 70.00 
6530.96 	 4704.54 	 70.00 
6534.24 	 4706.27 	 70.00 
6537.39 	 4708.27 	 70.00 
6540.54 	 4710.28 	 70.00 
6543.45 	 4712.57 	 70.00 
6545.96 	 4715.32 	 70.00 
6548.48 	 4718.08 	 70.00 
6550.93 	 4720.88 	 70.00 
6552.19 	 4724.39 	 70.00 
6553.44 	 4727.91 	 70.00 
6554.70 	 4731.43 	 70.00 
6555.43 	 4735.07 	 70.00 
6556.00 	 4738.76 	 70.00 
6556.58 	 4742.45 	 70.00 
6557.16 	 4746.14 	 70.00 
6557.75 	 4749.82 	 70.00 
6558.34 	 4753.51 	 70.00 
6558.94 	 4757.20 	 70.00 
6559.67 	 4760.86 	 70.00 
6560.43 	 4764.51 	 70.00 
6561.20 	 4768.17 	 70.00 
6561.96 	 4771.82 	 70.00 
6562.72 	 4775.47 	 70.00 
6563.49 	 4779.13 	 70.00 
6564.28 	 4782.78 	 70.00 
6565.10 	 4786.42 	 70.00 
6565.93 	 4790.06 	 70.00 
6566.76 	 4793.70 	 70.00 
6567.65 	 4797.32 	 70.00 
6568.54 	 4800.95 	 70.00 
6569.42 	 4804.58 	 70.00 
6570.36 	 4808.19 	 70.00 
6571.31 	 4811.80 	 70.00 
6572.25 	 4815.41 	 70.00 
6573.23 	 4819.02 	 70.00 
6574.24 	 4822.61 	 70.00 
6575.25 	 4826.20 	 70.00 
6576.26 	 4829.80 	 70.00 
6577.33 	 4833.37 	 70.00 
6578.41 	 4836.95 	 70.00 
6579.48 	 4840.52 	 70.00 
6580.59 	 4844.09 	 70.00 
6581.73 	 4847.64 	 70.00 
6582.86 	 4851.20 	 70.00 
6583.99 	 4854.76 	 70.00 
6585.13 	 4858.31 	 70.00 
6586.27 	 4861.87 	 70.00 
6587.41 	 4865.42 	 70.00 
6588.71 	 4868.92 	 70.00 
6590.02 	 4872.42 	 70.00 
6591.33 	 4875.91 	 70.00 
6592.64 	 4879.41 	 70.00 
6593.95 	 4882.90 	 70.00 
6595.27 	 4886.40 	 70.00 
6596.58 	 4889.89 	 70.00 
6597.90 	 4893.39 	 70.00 
6599.22 	 4896.88 	 70.00 
6600.54 	 4900.37 	 70.00 
6602.01 	 4903.80 	 70.00 
6603.50 	 4907.23 	 70.00 
6604.99 	 4910.65 	 70.00 
6606.47 	 4914.07 	 70.00 
6607.96 	 4917.50 	 70.00 
6609.45 	 4920.92 	 70.00 
6610.96 	 4924.33 	 70.00 
6612.51 	 4927.73 	 70.00 
6614.05 	 4931.13 	 70.00 
6615.60 	 4934.53 	 70.00 
6617.20 	 4937.90 	 70.00 
6618.81 	 4941.27 	 70.00 
6620.41 	 4944.64 	 70.00 
6622.01 	 4948.01 	 70.00 
6623.62 	 4951.38 	 70.00 
6625.22 	 4954.76 	 70.00 
6626.89 	 4958.09 	 70.00 
6628.66 	 4961.38 	 70.00 
6630.43 	 4964.66 	 70.00 
6632.21 	 4967.95 	 70.00 
6633.98 	 4971.23 	 70.00 
6635.75 	 4974.52 	 70.00 
6637.53 	 4977.80 	 70.00 
6639.30 	 4981.09 	 70.00 
6641.07 	 4984.38 	 70.00 
6642.84 	 4987.66 	 70.00 
6644.68 	 4990.91 	 70.00 
6646.62 	 4994.10 	 70.00 
6648.55 	 4997.29 	 70.00 
6650.49 	 5000.48 	 70.00 
6652.43 	 5003.67 	 70.00 
6654.37 	 5006.86 	 70.00 
6656.31 	 5010.05 	 70.00 
6658.28 	 5013.22 	 70.00 
6660.28 	 5016.38 	 70.00 
6662.27 	 5019.54 	 70.00 
6664.28 	 5022.68 	 70.00 
6666.33 	 5025.80 	 70.00 
6668.37 	 5028.93 	 70.00 
6670.42 	 5032.05 	 70.00 
6672.46 	 5035.17 	 70.00 
6674.51 	 5038.30 	 70.00 
6676.55 	 5041.42 	 70.00 
6678.70 	 5044.47 	 70.00 
6680.91 	 5047.48 	 70.00 
6683.11 	 5050.50 	 70.00 
6685.31 	 5053.51 	 70.00 
6687.51 	 5056.53 	 70.00 
6689.72 	 5059.54 	 70.00 
6691.92 	 5062.56 	 70.00 
6694.17 	 5065.54 	 70.00 
6696.42 	 5068.51 	 70.00 
6698.67 	 5071.49 	 70.00 
6700.95 	 5074.44 	 70.00 
6703.26 	 5077.38 	 70.00 
6705.57 	 5080.31 	 70.00 
6707.87 	 5083.25 	 70.00 
6710.18 	 5086.18 	 70.00 
6712.49 	 5089.12 	 70.00 
6644.86 	 5088.18 	 80.00 
6643.07 	 5084.31 	 80.00 
6641.29 	 5080.45 	 80.00 
6639.50 	 5076.58 	 80.00 
6637.71 	 5072.71 	 80.00 
6635.93 	 5068.84 	 80.00 
6634.14 	 5064.97 	 80.00 
6632.35 	 5061.10 	 80.00 
6630.56 	 5057.23 	 80.00 
6628.78 	 5053.36 	 80.00 
6626.99 	 5049.49 	 80.00 
6625.28 	 5045.59 	 80.00 
6623.59 	 5041.68 	 80.00 
6621.90 	 5037.76 	 80.00 
6620.22 	 5033.85 	 80.00 
6618.56 	 5029.92 	 80.00 
6616.90 	 5026.00 	 80.00 
6615.24 	 5022.07 	 80.00 
6613.58 	 5018.15 	 80.00 
6611.91 	 5014.22 	 80.00 
6610.25 	 5010.30 	 80.00 
6608.59 	 5006.37 	 80.00 
6606.93 	 5002.45 	 80.00 
6605.27 	 4998.52 	 80.00 
6603.61 	 4994.60 	 80.00 
6601.95 	 4990.67 	 80.00 
6600.29 	 4986.75 	 80.00 
6598.63 	 4982.82 	 80.00 
6596.97 	 4978.90 	 80.00 
6595.31 	 4974.97 	 80.00 
6593.65 	 4971.05 	 80.00 
6591.99 	 4967.12 	 80.00 
6590.33 	 4963.20 	 80.00 
6588.67 	 4959.27 	 80.00 
6587.00 	 4955.35 	 80.00 
6585.34 	 4951.42 	 80.00 
6583.68 	 4947.50 	 80.00 
6581.82 	 4943.67 	 80.00 
6579.85 	 4939.89 	 80.00 
6577.87 	 4936.11 	 80.00 
6575.90 	 4932.34 	 80.00 
6574.09 	 4928.48 	 80.00 
6572.30 	 4924.61 	 80.00 
6570.50 	 4920.75 	 80.00 
6568.75 	 4916.87 	 80.00 
6567.28 	 4912.86 	 80.00 
6565.81 	 4908.86 	 80.00 
6564.35 	 4904.86 	 80.00 
6562.88 	 4900.86 	 80.00 
6561.42 	 4896.86 	 80.00 
6559.95 	 4892.85 	 80.00 
6558.49 	 4888.85 	 80.00 
6557.07 	 4884.83 	 80.00 
6555.66 	 4880.81 	 80.00 
6554.26 	 4876.78 	 80.00 
6552.86 	 4872.76 	 80.00 
6551.40 	 4868.75 	 80.00 
6549.94 	 4864.75 	 80.00 
6548.49 	 4860.75 	 80.00 
6547.02 	 4856.74 	 80.00 
6545.53 	 4852.75 	 80.00 
6544.04 	 4848.76 	 80.00 
6542.55 	 4844.77 	 80.00 
6541.11 	 4840.76 	 80.00 
6539.71 	 4836.73 	 80.00 
6538.31 	 4832.71 	 80.00 
6536.91 	 4828.68 	 80.00 
6536.23 	 4824.49 	 80.00 
6535.74 	 4820.25 	 80.00 
6535.25 	 4816.02 	 80.00 
6534.73 	 4811.79 	 80.00 
6533.93 	 4807.61 	 80.00 
6533.14 	 4803.42 	 80.00 
6532.34 	 4799.23 	 80.00 
6531.54 	 4795.05 	 80.00 
6530.60 	 4790.93 	 80.00 
6527.72 	 4787.78 	 80.00 
6524.85 	 4784.64 	 80.00 
6521.98 	 4781.49 	 80.00 
6519.11 	 4778.34 	 80.00 
6516.23 	 4775.19 	 80.00 
6513.36 	 4772.04 	 80.00 
6509.81 	 4769.78 	 80.00 
6506.03 	 4767.82 	 80.00 
6502.24 	 4765.86 	 80.00 
6498.46 	 4763.90 	 80.00 
6494.29 	 4764.16 	 80.00 
6490.08 	 4764.76 	 80.00 
6485.86 	 4765.36 	 80.00 
6481.64 	 4765.96 	 80.00 
6477.42 	 4766.56 	 80.00 
6473.20 	 4767.16 	 80.00 
6468.98 	 4767.76 	 80.00 
6464.78 	 4768.48 	 80.00 
6460.62 	 4769.39 	 80.00 
6456.45 	 4770.31 	 80.00 
6452.29 	 4771.22 	 80.00 
6448.14 	 4772.20 	 80.00 
6444.01 	 4773.25 	 80.00 
6439.89 	 4774.31 	 80.00 
6435.76 	 4775.36 	 80.00 
6431.63 	 4776.42 	 80.00 
6427.50 	 4777.47 	 80.00 
6423.37 	 4778.53 	 80.00 
6419.24 	 4779.58 	 80.00 
6415.11 	 4780.64 	 80.00 
6410.98 	 4781.69 	 80.00 
6406.85 	 4782.75 	 80.00 
6402.77 	 4783.95 	 80.00 
6398.74 	 4785.34 	 80.00 
6394.71 	 4786.73 	 80.00 
6390.68 	 4788.13 	 80.00 
6386.67 	 4789.56 	 80.00 
6382.66 	 4791.00 	 80.00 
6378.65 	 4792.44 	 80.00 
6374.64 	 4793.89 	 80.00 
6370.62 	 4795.32 	 80.00 
6366.61 	 4796.75 	 80.00 
6362.59 	 4798.18 	 80.00 
6358.58 	 4799.60 	 80.00 
6354.55 	 4800.99 	 80.00 
6350.52 	 4802.38 	 80.00 
6346.49 	 4803.77 	 80.00 
6342.44 	 4805.11 	 80.00 
6338.38 	 4806.40 	 80.00 
6334.32 	 4807.68 	 80.00 
6330.26 	 4808.97 	 80.00 
6326.24 	 4810.38 	 80.00 
6322.26 	 4811.92 	 80.00 
6318.29 	 4813.47 	 80.00 
6314.32 	 4815.01 	 80.00 
6310.34 	 4816.55 	 80.00 
6306.37 	 4818.09 	 80.00 
6302.40 	 4819.63 	 80.00 
6298.42 	 4821.16 	 80.00 
6294.42 	 4822.64 	 80.00 
6290.43 	 4824.13 	 80.00 
6286.44 	 4825.62 	 80.00 
6282.39 	 4826.94 	 80.00 
6278.29 	 4828.12 	 80.00 
6274.20 	 4829.30 	 80.00 
6270.10 	 4830.48 	 80.00 
6266.06 	 4831.78 	 80.00 
6262.37 	 4833.91 	 80.00 
6258.68 	 4836.04 	 80.00 
6254.99 	 4838.18 	 80.00 
6251.30 	 4840.31 	 80.00 
6247.61 	 4842.44 	 80.00 
6243.92 	 4844.57 	 80.00 
6243.54 	 4938.22 	 90.00 
6246.85 	 4936.59 	 90.00 
6250.17 	 4934.96 	 90.00 
6253.48 	 4933.32 	 90.00 
6256.77 	 4931.64 	 90.00 
6259.94 	 4929.74 	 90.00 
6263.11 	 4927.85 	 90.00 
6266.28 	 4925.95 	 90.00 
6269.45 	 4924.06 	 90.00 
6272.62 	 4922.16 	 90.00 
6275.79 	 4920.27 	 90.00 
6278.96 	 4918.38 	 90.00 
6282.14 	 4916.48 	 90.00 
6285.31 	 4914.59 	 90.00 
6288.48 	 4912.70 	 90.00 
6291.67 	 4910.82 	 90.00 
6294.85 	 4908.95 	 90.00 
6298.04 	 4907.08 	 90.00 
6301.22 	 4905.21 	 90.00 
6304.41 	 4903.34 	 90.00 
6307.61 	 4901.50 	 90.00 
6310.81 	 4899.65 	 90.00 
6314.00 	 4897.80 	 90.00 
6317.20 	 4895.95 	 90.00 
6320.40 	 4894.10 	 90.00 
6323.60 	 4892.26 	 90.00 
6326.80 	 4890.41 	 90.00 
6330.00 	 4888.56 	 90.00 
6333.20 	 4886.71 	 90.00 
6336.39 	 4884.86 	 90.00 
6339.59 	 4883.02 	 90.00 
6342.79 	 4881.17 	 90.00 
6345.99 	 4879.32 	 90.00 
6349.19 	 4877.47 	 90.00 
6352.39 	 4875.62 	 90.00 
6355.58 	 4873.78 	 90.00 
6358.78 	 4871.93 	 90.00 
6361.98 	 4870.08 	 90.00 
6365.18 	 4868.23 	 90.00 
6368.40 	 4866.43 	 90.00 
6371.81 	 4865.00 	 90.00 
6375.21 	 4863.57 	 90.00 
6378.62 	 4862.14 	 90.00 
6382.03 	 4860.71 	 90.00 
6385.43 	 4859.28 	 90.00 
6388.75 	 4857.65 	 90.00 
6392.05 	 4855.99 	 90.00 
6395.35 	 4854.33 	 90.00 
6398.65 	 4852.67 	 90.00 
6401.95 	 4851.01 	 90.00 
6405.25 	 4849.36 	 90.00 
6408.55 	 4847.70 	 90.00 
6411.85 	 4846.04 	 90.00 
6415.15 	 4844.38 	 90.00 
6418.45 	 4842.72 	 90.00 
6421.77 	 4841.10 	 90.00 
6425.09 	 4839.47 	 90.00 
6428.41 	 4837.85 	 90.00 
6431.72 	 4836.22 	 90.00 
6435.05 	 4834.63 	 90.00 
6438.65 	 4833.81 	 90.00 
6442.25 	 4832.98 	 90.00 
6445.86 	 4832.16 	 90.00 
6449.46 	 4831.33 	 90.00 
6453.07 	 4830.70 	 90.00 
6456.73 	 4831.20 	 90.00 
6460.39 	 4831.70 	 90.00 
6464.05 	 4832.20 	 90.00 
6467.71 	 4832.70 	 90.00 
6471.29 	 4833.44 	 90.00 
6474.54 	 4835.20 	 90.00 
6477.79 	 4836.95 	 90.00 
6481.03 	 4838.71 	 90.00 
6484.28 	 4840.47 	 90.00 
6487.40 	 4842.40 	 90.00 
6490.06 	 4844.97 	 90.00 
6492.72 	 4847.54 	 90.00 
6495.37 	 4850.11 	 90.00 
6498.03 	 4852.68 	 90.00 
6500.57 	 4855.34 	 90.00 
6502.70 	 4858.36 	 90.00 
6504.83 	 4861.37 	 90.00 
6506.97 	 4864.39 	 90.00 
6509.10 	 4867.41 	 90.00 
6511.15 	 4870.47 	 90.00 
6512.92 	 4873.72 	 90.00 
6514.68 	 4876.96 	 90.00 
6516.44 	 4880.21 	 90.00 
6518.20 	 4883.46 	 90.00 
6519.88 	 4886.74 	 90.00 
6521.21 	 4890.19 	 90.00 
6522.54 	 4893.64 	 90.00 
6523.87 	 4897.08 	 90.00 
6525.20 	 4900.53 	 90.00 
6526.53 	 4903.98 	 90.00 
6527.86 	 4907.42 	 90.00 
6529.19 	 4910.87 	 90.00 
6530.52 	 4914.31 	 90.00 
6531.85 	 4917.76 	 90.00 
6533.19 	 4921.20 	 90.00 
6534.66 	 4924.59 	 90.00 
6536.13 	 4927.98 	 90.00 
6537.61 	 4931.37 	 90.00 
6539.08 	 4934.75 	 90.00 
6540.56 	 4938.14 	 90.00 
6542.03 	 4941.53 	 90.00 
6543.51 	 4944.91 	 90.00 
6544.98 	 4948.30 	 90.00 
6546.45 	 4951.69 	 90.00 
6547.92 	 4955.08 	 90.00 
6549.35 	 4958.48 	 90.00 
6550.78 	 4961.89 	 90.00 
6552.21 	 4965.30 	 90.00 
6553.64 	 4968.70 	 90.00 
6555.06 	 4972.11 	 90.00 
6556.43 	 4975.54 	 90.00 
6557.80 	 4978.97 	 90.00 
6559.17 	 4982.41 	 90.00 
6560.54 	 4985.84 	 90.00 
6561.91 	 4989.27 	 90.00 
6563.28 	 4992.70 	 90.00 
6564.65 	 4996.13 	 90.00 
6566.01 	 4999.56 	 90.00 
6567.38 	 5002.99 	 90.00 
6568.75 	 5006.42 	 90.00 
6570.12 	 5009.85 	 90.00 
6571.49 	 5013.28 	 90.00 
6572.86 	 5016.72 	 90.00 
6574.23 	 5020.15 	 90.00 
6575.60 	 5023.58 	 90.00 
6576.97 	 5027.01 	 90.00 
6578.34 	 5030.44 	 90.00 
6579.71 	 5033.87 	 90.00 
6581.07 	 5037.30 	 90.00 
6582.44 	 5040.73 	 90.00 
6583.74 	 5044.19 	 90.00 
6585.04 	 5047.65 	 90.00 
6586.34 	 5051.11 	 90.00 
6587.64 	 5054.56 	 90.00 
6588.96 	 5058.02 	 90.00 
6590.39 	 5061.42 	 90.00 
6591.83 	 5064.82 	 90.00 
6593.26 	 5068.23 	 90.00 
6594.70 	 5071.63 	 90.00 
6596.14 	 5075.03 	 90.00 
6597.57 	 5078.44 	 90.00 
6599.01 	 5081.84 	 90.00 
6600.44 	 5085.25 	 90.00 
6601.88 	 5088.65 	 90.00 
6559.11 	 5089.21 	 95.00 
6558.43 	 5086.37 	 95.00 
6557.75 	 5083.53 	 95.00 
6557.06 	 5080.69 	 95.00 
6556.38 	 5077.85 	 95.00 
6555.70 	 5075.01 	 95.00 
6555.02 	 5072.17 	 95.00 
6554.26 	 5069.35 	 95.00 
6553.44 	 5066.54 	 95.00 
6552.63 	 5063.73 	 95.00 
6551.81 	 5060.93 	 95.00 
6551.00 	 5058.12 	 95.00 
6550.18 	 5055.32 	 95.00 
6549.37 	 5052.51 	 95.00 
6548.55 	 5049.71 	 95.00 
6547.65 	 5046.93 	 95.00 
6546.53 	 5044.23 	 95.00 
6545.41 	 5041.53 	 95.00 
6544.30 	 5038.83 	 95.00 
6543.18 	 5036.13 	 95.00 
6542.06 	 5033.43 	 95.00 
6540.94 	 5030.73 	 95.00 
6539.82 	 5028.03 	 95.00 
6538.70 	 5025.34 	 95.00 
6537.59 	 5022.64 	 95.00 
6536.47 	 5019.94 	 95.00 
6535.35 	 5017.24 	 95.00 
6534.23 	 5014.54 	 95.00 
6533.11 	 5011.84 	 95.00 
6532.00 	 5009.14 	 95.00 
6530.60 	 5006.57 	 95.00 
6529.20 	 5004.01 	 95.00 
6527.80 	 5001.45 	 95.00 
6526.40 	 4998.88 	 95.00 
6525.00 	 4996.32 	 95.00 
6523.59 	 4993.75 	 95.00 
6522.19 	 4991.19 	 95.00 
6520.75 	 4988.65 	 95.00 
6519.25 	 4986.14 	 95.00 
6517.75 	 4983.63 	 95.00 
6516.25 	 4981.13 	 95.00 
6514.75 	 4978.62 	 95.00 
6513.25 	 4976.11 	 95.00 
6511.75 	 4973.60 	 95.00 
6510.26 	 4971.09 	 95.00 
6508.13 	 4969.10 	 95.00 
6505.99 	 4967.11 	 95.00 
6503.85 	 4965.12 	 95.00 
6501.71 	 4963.13 	 95.00 
6499.57 	 4961.14 	 95.00 
6497.43 	 4959.15 	 95.00 
6495.29 	 4957.16 	 95.00 
6493.06 	 4955.27 	 95.00 
6490.73 	 4953.51 	 95.00 
6488.40 	 4951.75 	 95.00 
6486.07 	 4949.98 	 95.00 
6483.74 	 4948.22 	 95.00 
6481.42 	 4946.45 	 95.00 
6479.09 	 4944.69 	 95.00 
6476.76 	 4942.92 	 95.00 
6474.05 	 4941.84 	 95.00 
6471.33 	 4940.78 	 95.00 
6468.60 	 4939.73 	 95.00 
6465.88 	 4938.68 	 95.00 
6463.15 	 4937.63 	 95.00 
6460.42 	 4936.57 	 95.00 
6457.70 	 4935.52 	 95.00 
6454.86 	 4935.00 	 95.00 
6451.94 	 4934.92 	 95.00 
6449.02 	 4934.83 	 95.00 
6446.10 	 4934.74 	 95.00 
6443.18 	 4934.65 	 95.00 
6440.26 	 4934.56 	 95.00 
6437.34 	 4934.48 	 95.00 
6434.42 	 4934.43 	 95.00 
6431.56 	 4935.00 	 95.00 
6428.70 	 4935.58 	 95.00 
6425.83 	 4936.16 	 95.00 
6422.97 	 4936.74 	 95.00 
6420.10 	 4937.31 	 95.00 
6417.24 	 4937.89 	 95.00 
6414.38 	 4938.47 	 95.00 
6411.63 	 4939.40 	 95.00 
6408.96 	 4940.60 	 95.00 
6406.30 	 4941.80 	 95.00 
6403.64 	 4943.01 	 95.00 
6400.97 	 4944.21 	 95.00 
6398.31 	 4945.41 	 95.00 
6395.65 	 4946.61 	 95.00 
6392.99 	 4947.83 	 95.00 
6390.48 	 4949.33 	 95.00 
6387.97 	 4950.82 	 95.00 
6385.46 	 4952.32 	 95.00 
6382.95 	 4953.81 	 95.00 
6380.44 	 4955.31 	 95.00 
6377.93 	 4956.80 	 95.00 
6375.42 	 4958.30 	 95.00 
6372.96 	 4959.87 	 95.00 
6370.54 	 4961.51 	 95.00 
6368.12 	 4963.14 	 95.00 
6365.70 	 4964.78 	 95.00 
6363.28 	 4966.41 	 95.00 
6360.86 	 4968.05 	 95.00 
6358.44 	 4969.69 	 95.00 
6355.94 	 4971.20 	 95.00 
6353.35 	 4972.55 	 95.00 
6350.76 	 4973.90 	 95.00 
6348.17 	 4975.25 	 95.00 
6345.58 	 4976.60 	 95.00 
6342.99 	 4977.95 	 95.00 
6340.39 	 4979.30 	 95.00 
6337.80 	 4980.65 	 95.00 
6335.21 	 4982.00 	 95.00 
6332.62 	 4983.35 	 95.00 
6330.03 	 4984.70 	 95.00 
6327.44 	 4986.05 	 95.00 
6324.85 	 4987.40 	 95.00 
6322.26 	 4988.75 	 95.00 
6319.67 	 4990.10 	 95.00 
6317.07 	 4991.45 	 95.00 
6314.52 	 4992.87 	 95.00 
6311.97 	 4994.30 	 95.00 
6309.42 	 4995.72 	 95.00 
6306.87 	 4997.14 	 95.00 
6304.32 	 4998.57 	 95.00 
6301.77 	 4999.99 	 95.00 
6299.21 	 5001.42 	 95.00 
6296.67 	 5002.86 	 95.00 
6294.15 	 5004.33 	 95.00 
6291.63 	 5005.80 	 95.00 
6289.10 	 5007.27 	 95.00 
6286.58 	 5008.74 	 95.00 
6284.05 	 5010.21 	 95.00 
6281.53 	 5011.68 	 95.00 
6279.00 	 5013.15 	 95.00 
6276.44 	 5014.56 	 95.00 
6273.87 	 5015.96 	 95.00 
6271.31 	 5017.36 	 95.00 
6268.74 	 5018.76 	 95.00 
6266.18 	 5020.16 	 95.00 
6263.61 	 5021.55 	 95.00 
6261.05 	 5022.95 	 95.00 
6258.47 	 5024.32 	 95.00 
6255.86 	 5025.64 	 95.00 
6253.26 	 5026.96 	 95.00 
6250.65 	 5028.28 	 95.00 
6248.04 	 5029.61 	 95.00 
6245.44 	 5030.93 	 95.00 
6242.83 	 5032.25 	 95.00 
6251.51 	 5089.12 	 100.00 
6257.96 	 5086.20 	 100.00 
6264.40 	 5083.27 	 100.00 
6270.85 	 5080.34 	 100.00 
6277.30 	 5077.41 	 100.00 
6283.82 	 5074.65 	 100.00 
6290.35 	 5071.92 	 100.00 
6296.80 	 5068.99 	 100.00 
6303.07 	 5065.70 	 100.00 
6309.34 	 5062.42 	 100.00 
6315.28 	 5058.56 	 100.00 
6321.17 	 5054.63 	 100.00 
6327.15 	 5050.85 	 100.00 
6333.28 	 5047.30 	 100.00 
6339.40 	 5043.74 	 100.00 
6344.92 	 5039.30 	 100.00 
6350.38 	 5034.80 	 100.00 
6356.37 	 5031.17 	 100.00 
6362.93 	 5028.51 	 100.00 
6369.49 	 5025.84 	 100.00 
6375.73 	 5022.50 	 100.00 
6381.98 	 5019.17 	 100.00 
6388.37 	 5016.13 	 100.00 
6394.89 	 5013.35 	 100.00 
6401.40 	 5010.58 	 100.00 
6407.99 	 5007.99 	 100.00 
6414.59 	 5005.40 	 100.00 
6421.33 	 5003.29 	 100.00 
6428.19 	 5001.51 	 100.00 
6435.06 	 4999.81 	 100.00 
6442.05 	 4998.72 	 100.00 
6449.05 	 4997.63 	 100.00 
6455.45 	 4999.54 	 100.00 
6461.48 	 5003.25 	 100.00 
6467.48 	 5007.01 	 100.00 
6473.27 	 5011.09 	 100.00 
6479.05 	 5015.18 	 100.00 
6483.93 	 5020.16 	 100.00 
6487.93 	 5026.00 	 100.00 
6491.93 	 5031.85 	 100.00 
6495.93 	 5037.69 	 100.00 
6499.93 	 5043.53 	 100.00 
6503.53 	 5049.62 	 100.00 
6506.96 	 5055.82 	 100.00 
6510.38 	 5062.02 	 100.00 
6513.81 	 5068.22 	 100.00 
6517.23 	 5074.42 	 100.00 
6521.08 	 5080.36 	 100.00 
6525.07 	 5086.20 	 100.00 
